0 45 54 0 1
16000 45 55 0 1
32000 45 56 0 1
48000 45 57 0 1
64000 45 58 0 1
80000 45 59 0 1
96000 45 60 0 1
112000 45 61 0 1
128000 45 62 0 1
144000 45 63 0 1
160000 45 64 0 1
176000 45 65 0 1
192000 45 66 0 1
208000 45 67 0 1
224000 45 68 0 1
240000 45 69 0 1
256000 45 70 0 1
272000 45 71 0 1
288000 45 72 0 1
304000 45 73 0 1
320000 45 74 0 1
347000 45 73 0 1
363000 45 72 0 1
366000 46 72 0 1
379000 46 71 0 1
395000 46 70 0 1
398000 47 70 0 1
411000 47 69 0 1
427000 47 68 0 1
430000 48 68 0 1
443000 48 67 0 1
459000 48 66 0 1
462000 49 66 0 1
475000 49 65 0 1
491000 49 64 0 1
494000 50 64 0 1
507000 50 63 0 1
523000 50 62 0 1
526000 51 62 0 1
539000 51 61 0 1
555000 51 60 0 1
558000 52 60 0 1
571000 52 59 0 1
587000 52 58 0 1
590000 53 58 0 1
603000 53 57 0 1
619000 53 56 0 1
622000 54 56 0 1
635000 54 55 0 1
651000 54 54 0 1
654000 55 54 0 1
683000 55 55 0 1
699000 55 56 0 1
715000 55 57 0 1
731000 55 58 0 1
747000 55 59 0 1
763000 55 60 0 1
779000 55 61 0 1
795000 55 62 0 1
811000 55 63 0 1
827000 55 64 0 1
843000 55 65 0 1
859000 55 66 0 1
875000 55 67 0 1
891000 55 68 0 1
907000 55 69 0 1
923000 55 70 0 1
939000 55 71 0 1
955000 55 72 0 1
971000 55 73 0 1
987000 55 74 0 1
0 57 54 0 0
16000 57 55 0 0
32000 57 56 0 0
48000 57 57 0 0
64000 57 58 0 0
80000 57 59 0 0
96000 57 60 0 0
112000 57 61 0 0
128000 57 62 0 0
144000 57 63 0 0
160000 57 64 0 0
176000 57 65 0 0
192000 57 66 0 0
208000 57 67 0 0
224000 57 68 0 0
240000 57 69 0 0
256000 57 70 0 0
272000 57 71 0 0
288000 57 72 0 0
304000 57 73 0 0
320000 57 74 0 0
347000 57 73 0 0
350000 58 73 0 0
363000 58 72 0 0
379000 58 71 0 0
382000 59 71 0 0
395000 59 70 0 0
411000 59 69 0 0
414000 60 69 0 0
427000 60 68 0 0
443000 60 67 0 0
446000 61 67 0 0
459000 61 66 0 0
475000 61 65 0 0
478000 62 65 0 0
491000 62 64 0 0
507000 62 63 0 0
510000 63 63 0 0
523000 63 62 0 0
539000 63 61 0 0
542000 64 61 0 0
555000 64 60 0 0
571000 64 59 0 0
574000 65 59 0 0
587000 65 58 0 0
603000 65 57 0 0
606000 66 57 0 0
619000 66 56 0 0
635000 66 55 0 0
638000 67 55 0 0
651000 67 54 0 0
683000 67 55 0 0
699000 67 56 0 0
715000 67 57 0 0
731000 67 58 0 0
747000 67 59 0 0
763000 67 60 0 0
779000 67 61 0 0
795000 67 62 0 0
811000 67 63 0 0
827000 67 64 0 0
843000 67 65 0 0
859000 67 66 0 0
875000 67 67 0 0
891000 67 68 0 0
907000 67 69 0 0
923000 67 70 0 0
939000 67 71 0 0
955000 67 72 0 0
971000 67 73 0 0
987000 67 74 0 0
1000000 45 54 0 1
1016000 45 55 0 1
1032000 45 56 0 1
1048000 45 57 0 1
1064000 45 58 0 1
1080000 45 59 0 1
1096000 45 60 0 1
1112000 45 61 0 1
1128000 45 62 0 1
1144000 45 63 0 1
1160000 45 64 0 1
1176000 45 65 0 1
1192000 45 66 0 1
1208000 45 67 0 1
1224000 45 68 0 1
1240000 45 69 0 1
1256000 45 70 0 1
1272000 45 71 0 1
1288000 45 72 0 1
1304000 45 73 0 1
1320000 45 74 0 1
1347000 45 73 0 1
1363000 45 72 0 1
1366000 46 72 0 1
1379000 46 71 0 1
1395000 46 70 0 1
1398000 47 70 0 1
1411000 47 69 0 1
1427000 47 68 0 1
1430000 48 68 0 1
1443000 48 67 0 1
1459000 48 66 0 1
1462000 49 66 0 1
1475000 49 65 0 1
1491000 49 64 0 1
1494000 50 64 0 1
1507000 50 63 0 1
1523000 50 62 0 1
1526000 51 62 0 1
1539000 51 61 0 1
1555000 51 60 0 1
1558000 52 60 0 1
1571000 52 59 0 1
1587000 52 58 0 1
1590000 53 58 0 1
1603000 53 57 0 1
1619000 53 56 0 1
1622000 54 56 0 1
1635000 54 55 0 1
1651000 54 54 0 1
1654000 55 54 0 1
1683000 55 55 0 1
1699000 55 56 0 1
1715000 55 57 0 1
1731000 55 58 0 1
1747000 55 59 0 1
1763000 55 60 0 1
1779000 55 61 0 1
1795000 55 62 0 1
1811000 55 63 0 1
1827000 55 64 0 1
1843000 55 65 0 1
1859000 55 66 0 1
1875000 55 67 0 1
1891000 55 68 0 1
1907000 55 69 0 1
1923000 55 70 0 1
1939000 55 71 0 1
1955000 55 72 0 1
1971000 55 73 0 1
1987000 55 74 0 1
1000000 57 54 0 0
1016000 57 55 0 0
1032000 57 56 0 0
1048000 57 57 0 0
1064000 57 58 0 0
1080000 57 59 0 0
1096000 57 60 0 0
1112000 57 61 0 0
1128000 57 62 0 0
1144000 57 63 0 0
1160000 57 64 0 0
1176000 57 65 0 0
1192000 57 66 0 0
1208000 57 67 0 0
1224000 57 68 0 0
1240000 57 69 0 0
1256000 57 70 0 0
1272000 57 71 0 0
1288000 57 72 0 0
1304000 57 73 0 0
1320000 57 74 0 0
1347000 57 73 0 0
1350000 58 73 0 0
1363000 58 72 0 0
1379000 58 71 0 0
1382000 59 71 0 0
1395000 59 70 0 0
1411000 59 69 0 0
1414000 60 69 0 0
1427000 60 68 0 0
1443000 60 67 0 0
1446000 61 67 0 0
1459000 61 66 0 0
1475000 61 65 0 0
1478000 62 65 0 0
1491000 62 64 0 0
1507000 62 63 0 0
1510000 63 63 0 0
1523000 63 62 0 0
1539000 63 61 0 0
1542000 64 61 0 0
1555000 64 60 0 0
1571000 64 59 0 0
1574000 65 59 0 0
1587000 65 58 0 0
1603000 65 57 0 0
1606000 66 57 0 0
1619000 66 56 0 0
1635000 66 55 0 0
1638000 67 55 0 0
1651000 67 54 0 0
1683000 67 55 0 0
1699000 67 56 0 0
1715000 67 57 0 0
1731000 67 58 0 0
1747000 67 59 0 0
1763000 67 60 0 0
1779000 67 61 0 0
1795000 67 62 0 0
1811000 67 63 0 0
1827000 67 64 0 0
1843000 67 65 0 0
1859000 67 66 0 0
1875000 67 67 0 0
1891000 67 68 0 0
1907000 67 69 0 0
1923000 67 70 0 0
1939000 67 71 0 0
1955000 67 72 0 0
1971000 67 73 0 0
1987000 67 74 0 0
2000000 45 54 0 1
2016000 45 55 0 1
2032000 45 56 0 1
2048000 45 57 0 1
2064000 45 58 0 1
2080000 45 59 0 1
2096000 45 60 0 1
2112000 45 61 0 1
2128000 45 62 0 1
2144000 45 63 0 1
2160000 45 64 0 1
2176000 45 65 0 1
2192000 45 66 0 1
2208000 45 67 0 1
2224000 45 68 0 1
2240000 45 69 0 1
2256000 45 70 0 1
2272000 45 71 0 1
2288000 45 72 0 1
2304000 45 73 0 1
2320000 45 74 0 1
2347000 45 73 0 1
2363000 45 72 0 1
2366000 46 72 0 1
2379000 46 71 0 1
2395000 46 70 0 1
2398000 47 70 0 1
2411000 47 69 0 1
2427000 47 68 0 1
2430000 48 68 0 1
2443000 48 67 0 1
2459000 48 66 0 1
2462000 49 66 0 1
2475000 49 65 0 1
2491000 49 64 0 1
2494000 50 64 0 1
2507000 50 63 0 1
2523000 50 62 0 1
2526000 51 62 0 1
2539000 51 61 0 1
2555000 51 60 0 1
2558000 52 60 0 1
2571000 52 59 0 1
2587000 52 58 0 1
2590000 53 58 0 1
2603000 53 57 0 1
2619000 53 56 0 1
2622000 54 56 0 1
2635000 54 55 0 1
2651000 54 54 0 1
2654000 55 54 0 1
2683000 55 55 0 1
2699000 55 56 0 1
2715000 55 57 0 1
2731000 55 58 0 1
2747000 55 59 0 1
2763000 55 60 0 1
2779000 55 61 0 1
2795000 55 62 0 1
2811000 55 63 0 1
2827000 55 64 0 1
2843000 55 65 0 1
2859000 55 66 0 1
2875000 55 67 0 1
2891000 55 68 0 1
2907000 55 69 0 1
2923000 55 70 0 1
2939000 55 71 0 1
2955000 55 72 0 1
2971000 55 73 0 1
2987000 55 74 0 1
2000000 57 54 0 0
2016000 57 55 0 0
2032000 57 56 0 0
2048000 57 57 0 0
2064000 57 58 0 0
2080000 57 59 0 0
2096000 57 60 0 0
2112000 57 61 0 0
2128000 57 62 0 0
2144000 57 63 0 0
2160000 57 64 0 0
2176000 57 65 0 0
2192000 57 66 0 0
2208000 57 67 0 0
2224000 57 68 0 0
2240000 57 69 0 0
2256000 57 70 0 0
2272000 57 71 0 0
2288000 57 72 0 0
2304000 57 73 0 0
2320000 57 74 0 0
2347000 57 73 0 0
2350000 58 73 0 0
2363000 58 72 0 0
2379000 58 71 0 0
2382000 59 71 0 0
2395000 59 70 0 0
2411000 59 69 0 0
2414000 60 69 0 0
2427000 60 68 0 0
2443000 60 67 0 0
2446000 61 67 0 0
2459000 61 66 0 0
2475000 61 65 0 0
2478000 62 65 0 0
2491000 62 64 0 0
2507000 62 63 0 0
2510000 63 63 0 0
2523000 63 62 0 0
2539000 63 61 0 0
2542000 64 61 0 0
2555000 64 60 0 0
2571000 64 59 0 0
2574000 65 59 0 0
2587000 65 58 0 0
2603000 65 57 0 0
2606000 66 57 0 0
2619000 66 56 0 0
2635000 66 55 0 0
2638000 67 55 0 0
2651000 67 54 0 0
2683000 67 55 0 0
2699000 67 56 0 0
2715000 67 57 0 0
2731000 67 58 0 0
2747000 67 59 0 0
2763000 67 60 0 0
2779000 67 61 0 0
2795000 67 62 0 0
2811000 67 63 0 0
2827000 67 64 0 0
2843000 67 65 0 0
2859000 67 66 0 0
2875000 67 67 0 0
2891000 67 68 0 0
2907000 67 69 0 0
2923000 67 70 0 0
2939000 67 71 0 0
2955000 67 72 0 0
2971000 67 73 0 0
2987000 67 74 0 0
3000000 45 54 0 1
3016000 45 55 0 1
3032000 45 56 0 1
3048000 45 57 0 1
3064000 45 58 0 1
3080000 45 59 0 1
3096000 45 60 0 1
3112000 45 61 0 1
3128000 45 62 0 1
3144000 45 63 0 1
3160000 45 64 0 1
3176000 45 65 0 1
3192000 45 66 0 1
3208000 45 67 0 1
3224000 45 68 0 1
3240000 45 69 0 1
3256000 45 70 0 1
3272000 45 71 0 1
3288000 45 72 0 1
3304000 45 73 0 1
3320000 45 74 0 1
3347000 45 73 0 1
3363000 45 72 0 1
3366000 46 72 0 1
3379000 46 71 0 1
3395000 46 70 0 1
3398000 47 70 0 1
3411000 47 69 0 1
3427000 47 68 0 1
3430000 48 68 0 1
3443000 48 67 0 1
3459000 48 66 0 1
3462000 49 66 0 1
3475000 49 65 0 1
3491000 49 64 0 1
3494000 50 64 0 1
3507000 50 63 0 1
3523000 50 62 0 1
3526000 51 62 0 1
3539000 51 61 0 1
3555000 51 60 0 1
3558000 52 60 0 1
3571000 52 59 0 1
3587000 52 58 0 1
3590000 53 58 0 1
3603000 53 57 0 1
3619000 53 56 0 1
3622000 54 56 0 1
3635000 54 55 0 1
3651000 54 54 0 1
3654000 55 54 0 1
3683000 55 55 0 1
3699000 55 56 0 1
3715000 55 57 0 1
3731000 55 58 0 1
3747000 55 59 0 1
3763000 55 60 0 1
3779000 55 61 0 1
3795000 55 62 0 1
3811000 55 63 0 1
3827000 55 64 0 1
3843000 55 65 0 1
3859000 55 66 0 1
3875000 55 67 0 1
3891000 55 68 0 1
3907000 55 69 0 1
3923000 55 70 0 1
3939000 55 71 0 1
3955000 55 72 0 1
3971000 55 73 0 1
3987000 55 74 0 1
3000000 57 54 0 0
3016000 57 55 0 0
3032000 57 56 0 0
3048000 57 57 0 0
3064000 57 58 0 0
3080000 57 59 0 0
3096000 57 60 0 0
3112000 57 61 0 0
3128000 57 62 0 0
3144000 57 63 0 0
3160000 57 64 0 0
3176000 57 65 0 0
3192000 57 66 0 0
3208000 57 67 0 0
3224000 57 68 0 0
3240000 57 69 0 0
3256000 57 70 0 0
3272000 57 71 0 0
3288000 57 72 0 0
3304000 57 73 0 0
3320000 57 74 0 0
3347000 57 73 0 0
3350000 58 73 0 0
3363000 58 72 0 0
3379000 58 71 0 0
3382000 59 71 0 0
3395000 59 70 0 0
3411000 59 69 0 0
3414000 60 69 0 0
3427000 60 68 0 0
3443000 60 67 0 0
3446000 61 67 0 0
3459000 61 66 0 0
3475000 61 65 0 0
3478000 62 65 0 0
3491000 62 64 0 0
3507000 62 63 0 0
3510000 63 63 0 0
3523000 63 62 0 0
3539000 63 61 0 0
3542000 64 61 0 0
3555000 64 60 0 0
3571000 64 59 0 0
3574000 65 59 0 0
3587000 65 58 0 0
3603000 65 57 0 0
3606000 66 57 0 0
3619000 66 56 0 0
3635000 66 55 0 0
3638000 67 55 0 0
3651000 67 54 0 0
3683000 67 55 0 0
3699000 67 56 0 0
3715000 67 57 0 0
3731000 67 58 0 0
3747000 67 59 0 0
3763000 67 60 0 0
3779000 67 61 0 0
3795000 67 62 0 0
3811000 67 63 0 0
3827000 67 64 0 0
3843000 67 65 0 0
3859000 67 66 0 0
3875000 67 67 0 0
3891000 67 68 0 0
3907000 67 69 0 0
3923000 67 70 0 0
3939000 67 71 0 0
3955000 67 72 0 0
3971000 67 73 0 0
3987000 67 74 0 0
4000000 45 54 0 1
4016000 45 55 0 1
4032000 45 56 0 1
4048000 45 57 0 1
4064000 45 58 0 1
4080000 45 59 0 1
4096000 45 60 0 1
4112000 45 61 0 1
4128000 45 62 0 1
4144000 45 63 0 1
4160000 45 64 0 1
4176000 45 65 0 1
4192000 45 66 0 1
4208000 45 67 0 1
4224000 45 68 0 1
4240000 45 69 0 1
4256000 45 70 0 1
4272000 45 71 0 1
4288000 45 72 0 1
4304000 45 73 0 1
4320000 45 74 0 1
4347000 45 73 0 1
4363000 45 72 0 1
4366000 46 72 0 1
4379000 46 71 0 1
4395000 46 70 0 1
4398000 47 70 0 1
4411000 47 69 0 1
4427000 47 68 0 1
4430000 48 68 0 1
4443000 48 67 0 1
4459000 48 66 0 1
4462000 49 66 0 1
4475000 49 65 0 1
4491000 49 64 0 1
4494000 50 64 0 1
4507000 50 63 0 1
4523000 50 62 0 1
4526000 51 62 0 1
4539000 51 61 0 1
4555000 51 60 0 1
4558000 52 60 0 1
4571000 52 59 0 1
4587000 52 58 0 1
4590000 53 58 0 1
4603000 53 57 0 1
4619000 53 56 0 1
4622000 54 56 0 1
4635000 54 55 0 1
4651000 54 54 0 1
4654000 55 54 0 1
4683000 55 55 0 1
4699000 55 56 0 1
4715000 55 57 0 1
4731000 55 58 0 1
4747000 55 59 0 1
4763000 55 60 0 1
4779000 55 61 0 1
4795000 55 62 0 1
4811000 55 63 0 1
4827000 55 64 0 1
4843000 55 65 0 1
4859000 55 66 0 1
4875000 55 67 0 1
4891000 55 68 0 1
4907000 55 69 0 1
4923000 55 70 0 1
4939000 55 71 0 1
4955000 55 72 0 1
4971000 55 73 0 1
4987000 55 74 0 1
4000000 57 54 0 0
4016000 57 55 0 0
4032000 57 56 0 0
4048000 57 57 0 0
4064000 57 58 0 0
4080000 57 59 0 0
4096000 57 60 0 0
4112000 57 61 0 0
4128000 57 62 0 0
4144000 57 63 0 0
4160000 57 64 0 0
4176000 57 65 0 0
4192000 57 66 0 0
4208000 57 67 0 0
4224000 57 68 0 0
4240000 57 69 0 0
4256000 57 70 0 0
4272000 57 71 0 0
4288000 57 72 0 0
4304000 57 73 0 0
4320000 57 74 0 0
4347000 57 73 0 0
4350000 58 73 0 0
4363000 58 72 0 0
4379000 58 71 0 0
4382000 59 71 0 0
4395000 59 70 0 0
4411000 59 69 0 0
4414000 60 69 0 0
4427000 60 68 0 0
4443000 60 67 0 0
4446000 61 67 0 0
4459000 61 66 0 0
4475000 61 65 0 0
4478000 62 65 0 0
4491000 62 64 0 0
4507000 62 63 0 0
4510000 63 63 0 0
4523000 63 62 0 0
4539000 63 61 0 0
4542000 64 61 0 0
4555000 64 60 0 0
4571000 64 59 0 0
4574000 65 59 0 0
4587000 65 58 0 0
4603000 65 57 0 0
4606000 66 57 0 0
4619000 66 56 0 0
4635000 66 55 0 0
4638000 67 55 0 0
4651000 67 54 0 0
4683000 67 55 0 0
4699000 67 56 0 0
4715000 67 57 0 0
4731000 67 58 0 0
4747000 67 59 0 0
4763000 67 60 0 0
4779000 67 61 0 0
4795000 67 62 0 0
4811000 67 63 0 0
4827000 67 64 0 0
4843000 67 65 0 0
4859000 67 66 0 0
4875000 67 67 0 0
4891000 67 68 0 0
4907000 67 69 0 0
4923000 67 70 0 0
4939000 67 71 0 0
4955000 67 72 0 0
4971000 67 73 0 0
4987000 67 74 0 0
5000000 45 54 0 1
5016000 45 55 0 1
5032000 45 56 0 1
5048000 45 57 0 1
5064000 45 58 0 1
5080000 45 59 0 1
5096000 45 60 0 1
5112000 45 61 0 1
5128000 45 62 0 1
5144000 45 63 0 1
5160000 45 64 0 1
5176000 45 65 0 1
5192000 45 66 0 1
5208000 45 67 0 1
5224000 45 68 0 1
5240000 45 69 0 1
5256000 45 70 0 1
5272000 45 71 0 1
5288000 45 72 0 1
5304000 45 73 0 1
5320000 45 74 0 1
5347000 45 73 0 1
5363000 45 72 0 1
5366000 46 72 0 1
5379000 46 71 0 1
5395000 46 70 0 1
5398000 47 70 0 1
5411000 47 69 0 1
5427000 47 68 0 1
5430000 48 68 0 1
5443000 48 67 0 1
5459000 48 66 0 1
5462000 49 66 0 1
5475000 49 65 0 1
5491000 49 64 0 1
5494000 50 64 0 1
5507000 50 63 0 1
5523000 50 62 0 1
5526000 51 62 0 1
5539000 51 61 0 1
5555000 51 60 0 1
5558000 52 60 0 1
5571000 52 59 0 1
5587000 52 58 0 1
5590000 53 58 0 1
5603000 53 57 0 1
5619000 53 56 0 1
5622000 54 56 0 1
5635000 54 55 0 1
5651000 54 54 0 1
5654000 55 54 0 1
5683000 55 55 0 1
5699000 55 56 0 1
5715000 55 57 0 1
5731000 55 58 0 1
5747000 55 59 0 1
5763000 55 60 0 1
5779000 55 61 0 1
5795000 55 62 0 1
5811000 55 63 0 1
5827000 55 64 0 1
5843000 55 65 0 1
5859000 55 66 0 1
5875000 55 67 0 1
5891000 55 68 0 1
5907000 55 69 0 1
5923000 55 70 0 1
5939000 55 71 0 1
5955000 55 72 0 1
5971000 55 73 0 1
5987000 55 74 0 1
5000000 57 54 0 0
5016000 57 55 0 0
5032000 57 56 0 0
5048000 57 57 0 0
5064000 57 58 0 0
5080000 57 59 0 0
5096000 57 60 0 0
5112000 57 61 0 0
5128000 57 62 0 0
5144000 57 63 0 0
5160000 57 64 0 0
5176000 57 65 0 0
5192000 57 66 0 0
5208000 57 67 0 0
5224000 57 68 0 0
5240000 57 69 0 0
5256000 57 70 0 0
5272000 57 71 0 0
5288000 57 72 0 0
5304000 57 73 0 0
5320000 57 74 0 0
5347000 57 73 0 0
5350000 58 73 0 0
5363000 58 72 0 0
5379000 58 71 0 0
5382000 59 71 0 0
5395000 59 70 0 0
5411000 59 69 0 0
5414000 60 69 0 0
5427000 60 68 0 0
5443000 60 67 0 0
5446000 61 67 0 0
5459000 61 66 0 0
5475000 61 65 0 0
5478000 62 65 0 0
5491000 62 64 0 0
5507000 62 63 0 0
5510000 63 63 0 0
5523000 63 62 0 0
5539000 63 61 0 0
5542000 64 61 0 0
5555000 64 60 0 0
5571000 64 59 0 0
5574000 65 59 0 0
5587000 65 58 0 0
5603000 65 57 0 0
5606000 66 57 0 0
5619000 66 56 0 0
5635000 66 55 0 0
5638000 67 55 0 0
5651000 67 54 0 0
5683000 67 55 0 0
5699000 67 56 0 0
5715000 67 57 0 0
5731000 67 58 0 0
5747000 67 59 0 0
5763000 67 60 0 0
5779000 67 61 0 0
5795000 67 62 0 0
5811000 67 63 0 0
5827000 67 64 0 0
5843000 67 65 0 0
5859000 67 66 0 0
5875000 67 67 0 0
5891000 67 68 0 0
5907000 67 69 0 0
5923000 67 70 0 0
5939000 67 71 0 0
5955000 67 72 0 0
5971000 67 73 0 0
5987000 67 74 0 0
6000000 45 54 0 1
6016000 45 55 0 1
6032000 45 56 0 1
6048000 45 57 0 1
6064000 45 58 0 1
6080000 45 59 0 1
6096000 45 60 0 1
6112000 45 61 0 1
6128000 45 62 0 1
6144000 45 63 0 1
6160000 45 64 0 1
6176000 45 65 0 1
6192000 45 66 0 1
6208000 45 67 0 1
6224000 45 68 0 1
6240000 45 69 0 1
6256000 45 70 0 1
6272000 45 71 0 1
6288000 45 72 0 1
6304000 45 73 0 1
6320000 45 74 0 1
6347000 45 73 0 1
6363000 45 72 0 1
6366000 46 72 0 1
6379000 46 71 0 1
6395000 46 70 0 1
6398000 47 70 0 1
6411000 47 69 0 1
6427000 47 68 0 1
6430000 48 68 0 1
6443000 48 67 0 1
6459000 48 66 0 1
6462000 49 66 0 1
6475000 49 65 0 1
6491000 49 64 0 1
6494000 50 64 0 1
6507000 50 63 0 1
6523000 50 62 0 1
6526000 51 62 0 1
6539000 51 61 0 1
6555000 51 60 0 1
6558000 52 60 0 1
6571000 52 59 0 1
6587000 52 58 0 1
6590000 53 58 0 1
6603000 53 57 0 1
6619000 53 56 0 1
6622000 54 56 0 1
6635000 54 55 0 1
6651000 54 54 0 1
6654000 55 54 0 1
6683000 55 55 0 1
6699000 55 56 0 1
6715000 55 57 0 1
6731000 55 58 0 1
6747000 55 59 0 1
6763000 55 60 0 1
6779000 55 61 0 1
6795000 55 62 0 1
6811000 55 63 0 1
6827000 55 64 0 1
6843000 55 65 0 1
6859000 55 66 0 1
6875000 55 67 0 1
6891000 55 68 0 1
6907000 55 69 0 1
6923000 55 70 0 1
6939000 55 71 0 1
6955000 55 72 0 1
6971000 55 73 0 1
6987000 55 74 0 1
6000000 57 54 0 0
6016000 57 55 0 0
6032000 57 56 0 0
6048000 57 57 0 0
6064000 57 58 0 0
6080000 57 59 0 0
6096000 57 60 0 0
6112000 57 61 0 0
6128000 57 62 0 0
6144000 57 63 0 0
6160000 57 64 0 0
6176000 57 65 0 0
6192000 57 66 0 0
6208000 57 67 0 0
6224000 57 68 0 0
6240000 57 69 0 0
6256000 57 70 0 0
6272000 57 71 0 0
6288000 57 72 0 0
6304000 57 73 0 0
6320000 57 74 0 0
6347000 57 73 0 0
6350000 58 73 0 0
6363000 58 72 0 0
6379000 58 71 0 0
6382000 59 71 0 0
6395000 59 70 0 0
6411000 59 69 0 0
6414000 60 69 0 0
6427000 60 68 0 0
6443000 60 67 0 0
6446000 61 67 0 0
6459000 61 66 0 0
6475000 61 65 0 0
6478000 62 65 0 0
6491000 62 64 0 0
6507000 62 63 0 0
6510000 63 63 0 0
6523000 63 62 0 0
6539000 63 61 0 0
6542000 64 61 0 0
6555000 64 60 0 0
6571000 64 59 0 0
6574000 65 59 0 0
6587000 65 58 0 0
6603000 65 57 0 0
6606000 66 57 0 0
6619000 66 56 0 0
6635000 66 55 0 0
6638000 67 55 0 0
6651000 67 54 0 0
6683000 67 55 0 0
6699000 67 56 0 0
6715000 67 57 0 0
6731000 67 58 0 0
6747000 67 59 0 0
6763000 67 60 0 0
6779000 67 61 0 0
6795000 67 62 0 0
6811000 67 63 0 0
6827000 67 64 0 0
6843000 67 65 0 0
6859000 67 66 0 0
6875000 67 67 0 0
6891000 67 68 0 0
6907000 67 69 0 0
6923000 67 70 0 0
6939000 67 71 0 0
6955000 67 72 0 0
6971000 67 73 0 0
6987000 67 74 0 0
7000000 45 54 0 1
7016000 45 55 0 1
7032000 45 56 0 1
7048000 45 57 0 1
7064000 45 58 0 1
7080000 45 59 0 1
7096000 45 60 0 1
7112000 45 61 0 1
7128000 45 62 0 1
7144000 45 63 0 1
7160000 45 64 0 1
7176000 45 65 0 1
7192000 45 66 0 1
7208000 45 67 0 1
7224000 45 68 0 1
7240000 45 69 0 1
7256000 45 70 0 1
7272000 45 71 0 1
7288000 45 72 0 1
7304000 45 73 0 1
7320000 45 74 0 1
7347000 45 73 0 1
7363000 45 72 0 1
7366000 46 72 0 1
7379000 46 71 0 1
7395000 46 70 0 1
7398000 47 70 0 1
7411000 47 69 0 1
7427000 47 68 0 1
7430000 48 68 0 1
7443000 48 67 0 1
7459000 48 66 0 1
7462000 49 66 0 1
7475000 49 65 0 1
7491000 49 64 0 1
7494000 50 64 0 1
7507000 50 63 0 1
7523000 50 62 0 1
7526000 51 62 0 1
7539000 51 61 0 1
7555000 51 60 0 1
7558000 52 60 0 1
7571000 52 59 0 1
7587000 52 58 0 1
7590000 53 58 0 1
7603000 53 57 0 1
7619000 53 56 0 1
7622000 54 56 0 1
7635000 54 55 0 1
7651000 54 54 0 1
7654000 55 54 0 1
7683000 55 55 0 1
7699000 55 56 0 1
7715000 55 57 0 1
7731000 55 58 0 1
7747000 55 59 0 1
7763000 55 60 0 1
7779000 55 61 0 1
7795000 55 62 0 1
7811000 55 63 0 1
7827000 55 64 0 1
7843000 55 65 0 1
7859000 55 66 0 1
7875000 55 67 0 1
7891000 55 68 0 1
7907000 55 69 0 1
7923000 55 70 0 1
7939000 55 71 0 1
7955000 55 72 0 1
7971000 55 73 0 1
7987000 55 74 0 1
7000000 57 54 0 0
7016000 57 55 0 0
7032000 57 56 0 0
7048000 57 57 0 0
7064000 57 58 0 0
7080000 57 59 0 0
7096000 57 60 0 0
7112000 57 61 0 0
7128000 57 62 0 0
7144000 57 63 0 0
7160000 57 64 0 0
7176000 57 65 0 0
7192000 57 66 0 0
7208000 57 67 0 0
7224000 57 68 0 0
7240000 57 69 0 0
7256000 57 70 0 0
7272000 57 71 0 0
7288000 57 72 0 0
7304000 57 73 0 0
7320000 57 74 0 0
7347000 57 73 0 0
7350000 58 73 0 0
7363000 58 72 0 0
7379000 58 71 0 0
7382000 59 71 0 0
7395000 59 70 0 0
7411000 59 69 0 0
7414000 60 69 0 0
7427000 60 68 0 0
7443000 60 67 0 0
7446000 61 67 0 0
7459000 61 66 0 0
7475000 61 65 0 0
7478000 62 65 0 0
7491000 62 64 0 0
7507000 62 63 0 0
7510000 63 63 0 0
7523000 63 62 0 0
7539000 63 61 0 0
7542000 64 61 0 0
7555000 64 60 0 0
7571000 64 59 0 0
7574000 65 59 0 0
7587000 65 58 0 0
7603000 65 57 0 0
7606000 66 57 0 0
7619000 66 56 0 0
7635000 66 55 0 0
7638000 67 55 0 0
7651000 67 54 0 0
7683000 67 55 0 0
7699000 67 56 0 0
7715000 67 57 0 0
7731000 67 58 0 0
7747000 67 59 0 0
7763000 67 60 0 0
7779000 67 61 0 0
7795000 67 62 0 0
7811000 67 63 0 0
7827000 67 64 0 0
7843000 67 65 0 0
7859000 67 66 0 0
7875000 67 67 0 0
7891000 67 68 0 0
7907000 67 69 0 0
7923000 67 70 0 0
7939000 67 71 0 0
7955000 67 72 0 0
7971000 67 73 0 0
7987000 67 74 0 0
8000000 45 54 0 1
8016000 45 55 0 1
8032000 45 56 0 1
8048000 45 57 0 1
8064000 45 58 0 1
8080000 45 59 0 1
8096000 45 60 0 1
8112000 45 61 0 1
8128000 45 62 0 1
8144000 45 63 0 1
8160000 45 64 0 1
8176000 45 65 0 1
8192000 45 66 0 1
8208000 45 67 0 1
8224000 45 68 0 1
8240000 45 69 0 1
8256000 45 70 0 1
8272000 45 71 0 1
8288000 45 72 0 1
8304000 45 73 0 1
8320000 45 74 0 1
8347000 45 73 0 1
8363000 45 72 0 1
8366000 46 72 0 1
8379000 46 71 0 1
8395000 46 70 0 1
8398000 47 70 0 1
8411000 47 69 0 1
8427000 47 68 0 1
8430000 48 68 0 1
8443000 48 67 0 1
8459000 48 66 0 1
8462000 49 66 0 1
8475000 49 65 0 1
8491000 49 64 0 1
8494000 50 64 0 1
8507000 50 63 0 1
8523000 50 62 0 1
8526000 51 62 0 1
8539000 51 61 0 1
8555000 51 60 0 1
8558000 52 60 0 1
8571000 52 59 0 1
8587000 52 58 0 1
8590000 53 58 0 1
8603000 53 57 0 1
8619000 53 56 0 1
8622000 54 56 0 1
8635000 54 55 0 1
8651000 54 54 0 1
8654000 55 54 0 1
8683000 55 55 0 1
8699000 55 56 0 1
8715000 55 57 0 1
8731000 55 58 0 1
8747000 55 59 0 1
8763000 55 60 0 1
8779000 55 61 0 1
8795000 55 62 0 1
8811000 55 63 0 1
8827000 55 64 0 1
8843000 55 65 0 1
8859000 55 66 0 1
8875000 55 67 0 1
8891000 55 68 0 1
8907000 55 69 0 1
8923000 55 70 0 1
8939000 55 71 0 1
8955000 55 72 0 1
8971000 55 73 0 1
8987000 55 74 0 1
8000000 57 54 0 0
8016000 57 55 0 0
8032000 57 56 0 0
8048000 57 57 0 0
8064000 57 58 0 0
8080000 57 59 0 0
8096000 57 60 0 0
8112000 57 61 0 0
8128000 57 62 0 0
8144000 57 63 0 0
8160000 57 64 0 0
8176000 57 65 0 0
8192000 57 66 0 0
8208000 57 67 0 0
8224000 57 68 0 0
8240000 57 69 0 0
8256000 57 70 0 0
8272000 57 71 0 0
8288000 57 72 0 0
8304000 57 73 0 0
8320000 57 74 0 0
8347000 57 73 0 0
8350000 58 73 0 0
8363000 58 72 0 0
8379000 58 71 0 0
8382000 59 71 0 0
8395000 59 70 0 0
8411000 59 69 0 0
8414000 60 69 0 0
8427000 60 68 0 0
8443000 60 67 0 0
8446000 61 67 0 0
8459000 61 66 0 0
8475000 61 65 0 0
8478000 62 65 0 0
8491000 62 64 0 0
8507000 62 63 0 0
8510000 63 63 0 0
8523000 63 62 0 0
8539000 63 61 0 0
8542000 64 61 0 0
8555000 64 60 0 0
8571000 64 59 0 0
8574000 65 59 0 0
8587000 65 58 0 0
8603000 65 57 0 0
8606000 66 57 0 0
8619000 66 56 0 0
8635000 66 55 0 0
8638000 67 55 0 0
8651000 67 54 0 0
8683000 67 55 0 0
8699000 67 56 0 0
8715000 67 57 0 0
8731000 67 58 0 0
8747000 67 59 0 0
8763000 67 60 0 0
8779000 67 61 0 0
8795000 67 62 0 0
8811000 67 63 0 0
8827000 67 64 0 0
8843000 67 65 0 0
8859000 67 66 0 0
8875000 67 67 0 0
8891000 67 68 0 0
8907000 67 69 0 0
8923000 67 70 0 0
8939000 67 71 0 0
8955000 67 72 0 0
8971000 67 73 0 0
8987000 67 74 0 0
9000000 45 54 0 1
9016000 45 55 0 1
9032000 45 56 0 1
9048000 45 57 0 1
9064000 45 58 0 1
9080000 45 59 0 1
9096000 45 60 0 1
9112000 45 61 0 1
9128000 45 62 0 1
9144000 45 63 0 1
9160000 45 64 0 1
9176000 45 65 0 1
9192000 45 66 0 1
9208000 45 67 0 1
9224000 45 68 0 1
9240000 45 69 0 1
9256000 45 70 0 1
9272000 45 71 0 1
9288000 45 72 0 1
9304000 45 73 0 1
9320000 45 74 0 1
9347000 45 73 0 1
9363000 45 72 0 1
9366000 46 72 0 1
9379000 46 71 0 1
9395000 46 70 0 1
9398000 47 70 0 1
9411000 47 69 0 1
9427000 47 68 0 1
9430000 48 68 0 1
9443000 48 67 0 1
9459000 48 66 0 1
9462000 49 66 0 1
9475000 49 65 0 1
9491000 49 64 0 1
9494000 50 64 0 1
9507000 50 63 0 1
9523000 50 62 0 1
9526000 51 62 0 1
9539000 51 61 0 1
9555000 51 60 0 1
9558000 52 60 0 1
9571000 52 59 0 1
9587000 52 58 0 1
9590000 53 58 0 1
9603000 53 57 0 1
9619000 53 56 0 1
9622000 54 56 0 1
9635000 54 55 0 1
9651000 54 54 0 1
9654000 55 54 0 1
9683000 55 55 0 1
9699000 55 56 0 1
9715000 55 57 0 1
9731000 55 58 0 1
9747000 55 59 0 1
9763000 55 60 0 1
9779000 55 61 0 1
9795000 55 62 0 1
9811000 55 63 0 1
9827000 55 64 0 1
9843000 55 65 0 1
9859000 55 66 0 1
9875000 55 67 0 1
9891000 55 68 0 1
9907000 55 69 0 1
9923000 55 70 0 1
9939000 55 71 0 1
9955000 55 72 0 1
9971000 55 73 0 1
9987000 55 74 0 1
9000000 57 54 0 0
9016000 57 55 0 0
9032000 57 56 0 0
9048000 57 57 0 0
9064000 57 58 0 0
9080000 57 59 0 0
9096000 57 60 0 0
9112000 57 61 0 0
9128000 57 62 0 0
9144000 57 63 0 0
9160000 57 64 0 0
9176000 57 65 0 0
9192000 57 66 0 0
9208000 57 67 0 0
9224000 57 68 0 0
9240000 57 69 0 0
9256000 57 70 0 0
9272000 57 71 0 0
9288000 57 72 0 0
9304000 57 73 0 0
9320000 57 74 0 0
9347000 57 73 0 0
9350000 58 73 0 0
9363000 58 72 0 0
9379000 58 71 0 0
9382000 59 71 0 0
9395000 59 70 0 0
9411000 59 69 0 0
9414000 60 69 0 0
9427000 60 68 0 0
9443000 60 67 0 0
9446000 61 67 0 0
9459000 61 66 0 0
9475000 61 65 0 0
9478000 62 65 0 0
9491000 62 64 0 0
9507000 62 63 0 0
9510000 63 63 0 0
9523000 63 62 0 0
9539000 63 61 0 0
9542000 64 61 0 0
9555000 64 60 0 0
9571000 64 59 0 0
9574000 65 59 0 0
9587000 65 58 0 0
9603000 65 57 0 0
9606000 66 57 0 0
9619000 66 56 0 0
9635000 66 55 0 0
9638000 67 55 0 0
9651000 67 54 0 0
9683000 67 55 0 0
9699000 67 56 0 0
9715000 67 57 0 0
9731000 67 58 0 0
9747000 67 59 0 0
9763000 67 60 0 0
9779000 67 61 0 0
9795000 67 62 0 0
9811000 67 63 0 0
9827000 67 64 0 0
9843000 67 65 0 0
9859000 67 66 0 0
9875000 67 67 0 0
9891000 67 68 0 0
9907000 67 69 0 0
9923000 67 70 0 0
9939000 67 71 0 0
9955000 67 72 0 0
9971000 67 73 0 0
9987000 67 74 0 0
