48 49 74 12
88 49 73 12
128 49 72 12
168 49 71 12
209 49 70 12
249 49 69 12
289 49 68 12
329 49 67 12
369 49 66 12
409 49 65 12
449 49 64 12
489 49 63 12
529 49 62 12
569 49 61 12
609 49 60 12
649 49 59 12
689 49 58 12
729 49 57 12
769 49 56 12
809 49 55 12
879 49 56 13
908 50 56 13
919 50 57 13
948 51 57 13
959 51 58 13
988 52 58 13
999 52 59 13
1029 53 59 13
1038 53 60 13
1051 53 60 13
1066 54 60 13
1078 54 61 13
1091 54 61 13
1106 55 61 13
1118 55 62 13
1131 55 62 13
1146 56 62 13
1158 56 63 13
1171 56 63 13
1186 57 63 13
1198 57 64 13
1211 57 64 13
1226 58 64 13
1238 58 65 13
1251 58 65 13
1266 59 65 13
1278 59 66 13
1291 59 66 13
1306 60 66 13
1318 60 67 13
1331 60 67 13
1346 61 67 13
1358 61 68 13
1371 61 68 13
1386 62 68 13
1398 62 69 13
1411 62 69 13
1426 63 69 13
1438 63 70 13
1451 63 70 13
1466 64 70 13
1478 64 71 13
1491 64 71 13
1506 65 71 13
1518 65 72 13
1531 65 72 13
2568 50 74 8
2594 51 74 8
2607 52 74 8
2622 53 74 8
2624 52 74 8
2628 53 73 8
2633 53 74 8
2638 53 73 8
2641 54 73 8
2653 54 73 8
2656 55 73 8
2666 55 73 8
2671 56 73 8
2683 56 73 8
2689 56 72 9
2707 57 72 9
2732 59 72 8
2748 59 71 8
2762 59 71 8
2771 60 71 8
2809 60 70 8
2854 59 70 8
2869 58 69 9
2897 57 69 8
2917 56 69 8
2934 55 68 8
2957 54 68 8
2967 53 68 8
2982 52 68 8
2994 52 67 8
2997 52 68 8
3002 51 67 8
3005 52 67 8
3014 51 67 8
3022 50 67 8
3053 49 67 8
3054 49 66 8
3140 49 65 8
3169 50 64 8
3199 51 64 8
3218 52 64 8
3229 53 63 8
3252 54 63 8
3262 55 63 8
3277 56 63 8
3278 55 63 8
3289 56 62 9
3291 56 63 8
3312 57 62 9
3332 58 62 9
3424 49 74 6
3504 49 73 6
3584 49 72 6
3664 49 71 6
3744 49 70 6
3824 49 69 6
3904 49 68 6
3984 49 67 6
4064 49 66 6
4144 49 65 6
4565 49 65 6
4646 50 65 6
4726 51 65 6
4806 52 65 6
4885 53 65 6
4965 54 65 6
5049 49 74 12
5089 49 73 12
5129 49 72 12
5169 49 71 12
5209 49 70 12
5249 49 69 12
5289 49 68 12
5329 49 67 12
5369 49 66 12
5409 49 65 12
5449 49 64 12
5489 49 63 12
5529 49 62 12
5569 49 61 12
5609 49 60 12
5649 49 59 12
5689 49 58 12
5730 49 57 12
5770 49 56 12
5810 49 55 12
5880 49 56 13
5908 50 56 13
5919 50 57 13
5948 51 57 13
5959 51 58 13
5988 52 58 13
5999 52 59 13
6029 53 59 13
6038 53 60 13
6051 53 60 13
6066 54 60 13
6079 54 61 13
6108 55 61 13
6119 55 62 13
6148 56 62 13
6159 56 63 13
6188 57 63 13
6198 57 64 13
6211 57 64 13
6226 58 64 13
6238 58 65 13
6251 58 65 13
6266 59 65 13
6278 59 66 13
6291 59 66 13
6306 60 66 13
6318 60 67 13
6331 60 67 13
6346 61 67 13
6358 61 68 13
6371 61 68 13
6386 62 68 13
6398 62 69 13
6411 62 69 13
6426 63 69 13
6438 63 70 13
6451 63 70 13
6466 64 70 13
6478 64 71 13
6491 64 71 13
6506 65 71 13
6518 65 72 13
6531 65 72 13
7569 50 74 8
7594 51 74 8
7607 52 74 8
7622 53 74 8
7624 52 74 8
7628 53 73 8
7633 53 74 8
7638 53 73 8
7641 54 73 8
7653 54 73 8
7656 55 73 8
7666 55 73 8
7671 56 73 8
7682 56 73 8
7689 56 72 9
7707 57 72 9
7732 59 72 8
7748 59 71 8
7762 59 71 8
7771 60 71 8
7809 60 70 8
7854 59 70 8
7869 58 69 9
7897 57 69 8
7917 56 69 8
7934 55 68 8
7957 54 68 8
7967 53 68 8
7982 52 68 8
7993 52 67 8
7997 52 68 8
8002 51 67 8
8003 52 67 8
8014 51 67 8
8022 50 67 8
8053 49 67 8
8054 49 66 8
8140 49 65 8
8169 50 64 8
8199 51 64 8
8217 52 64 8
8229 53 63 8
8252 54 63 8
8262 55 63 8
8277 56 63 8
8278 55 63 8
8289 56 63 8
8289 56 62 9
8312 57 62 9
8332 58 62 9
8424 49 74 6
8504 49 73 6
8584 49 72 6
8664 49 71 6
8744 49 70 6
8824 49 69 6
8904 49 68 6
8984 49 67 6
9064 49 66 6
9144 49 65 6
9565 49 65 6
9646 50 65 6
9726 51 65 6
9806 52 65 6
9885 53 65 6
9965 54 65 6
10049 49 74 12
10089 49 73 12
10129 49 72 12
10169 49 71 12
10209 49 70 12
10249 49 69 12
10289 49 68 12
10329 49 67 12
10369 49 66 12
10409 49 65 12
10449 49 64 12
10489 49 63 12
10529 49 62 12
10569 49 61 12
10609 49 60 12
10649 49 59 12
10689 49 58 12
10729 49 57 12
10769 49 56 12
10809 49 55 12
10879 49 56 13
10908 50 56 13
10919 50 57 13
10948 51 57 13
10959 51 58 13
10988 52 58 13
10999 52 59 13
11029 53 59 13
11038 53 60 13
11051 53 60 13
11066 54 60 13
11079 54 61 13
11108 55 61 13
11119 55 62 13
11148 56 62 13
11159 56 63 13
11188 57 63 13
11198 57 64 13
11211 57 64 13
11226 58 64 13
11238 58 65 13
11251 58 65 13
11266 59 65 13
11278 59 66 13
11291 59 66 13
11306 60 66 13
11318 60 67 13
11331 60 67 13
11346 61 67 13
11358 61 68 13
11371 61 68 13
11386 62 68 13
11398 62 69 13
11411 62 69 13
11426 63 69 13
11438 63 70 13
11451 63 70 13
11466 64 70 13
11478 64 71 13
11491 64 71 13
11506 65 71 13
11518 65 72 13
11531 65 72 13
12569 50 74 8
12594 51 74 8
12607 52 74 8
12622 53 74 8
12624 52 74 8
12628 53 73 8
12633 53 74 8
12638 53 73 8
12641 54 73 8
12653 54 73 8
12656 55 73 8
12666 55 73 8
12671 56 73 8
12682 56 73 8
12689 56 72 9
12707 57 72 9
12732 59 72 8
12748 59 71 8
12762 59 71 8
12771 60 71 8
12809 60 70 8
12854 59 70 8
12869 58 69 9
12897 57 69 8
12917 56 69 8
12934 55 68 8
12957 54 68 8
12967 53 68 8
12982 52 68 8
12993 52 67 8
12997 52 68 8
13002 51 67 8
13003 52 67 8
13014 51 67 8
13022 50 67 8
13053 49 67 8
13054 49 66 8
13140 49 65 8
13169 50 64 8
13199 51 64 8
13218 52 64 8
13229 53 63 8
13252 54 63 8
13262 55 63 8
13277 56 63 8
13278 55 63 8
13289 56 63 8
13289 56 62 9
13312 57 62 9
13332 58 62 9
13424 49 74 6
13504 49 73 6
13584 49 72 6
13664 49 71 6
13744 49 70 6
13824 49 69 6
13904 49 68 6
13984 49 67 6
14064 49 66 6
14144 49 65 6
14565 49 65 6
14646 50 65 6
14726 51 65 6
14805 52 65 6
14885 53 65 6
14965 54 65 6
15049 49 74 12
15089 49 73 12
15129 49 72 12
15169 49 71 12
15209 49 70 12
15249 49 69 12
15289 49 68 12
15329 49 67 12
15369 49 66 12
15409 49 65 12
15449 49 64 12
15489 49 63 12
15529 49 62 12
15569 49 61 12
15609 49 60 12
15649 49 59 12
15689 49 58 12
15729 49 57 12
15769 49 56 12
15809 49 55 12
15879 49 56 13
15908 50 56 13
15919 50 57 13
15948 51 57 13
15959 51 58 13
15988 52 58 13
15999 52 59 13
16029 53 59 13
16038 53 60 13
16051 53 60 13
16066 54 60 13
16079 54 61 13
16108 55 61 13
16119 55 62 13
16148 56 62 13
16159 56 63 13
16188 57 63 13
16198 57 64 13
16211 57 64 13
16226 58 64 13
16238 58 65 13
16251 58 65 13
16266 59 65 13
16278 59 66 13
16291 59 66 13
16306 60 66 13
16318 60 67 13
16331 60 67 13
16346 61 67 13
16358 61 68 13
16371 61 68 13
16386 62 68 13
16398 62 69 13
16411 62 69 13
16426 63 69 13
16438 63 70 13
16451 63 70 13
16466 64 70 13
16478 64 71 13
16491 64 71 13
16506 65 71 13
16518 65 72 13
16531 65 72 13
17569 50 74 8
17594 51 74 8
17607 52 74 8
17622 53 74 8
17628 53 73 8
17636 53 74 8
17639 53 73 8
17641 54 73 8
17652 54 73 8
17656 55 73 8
17667 55 73 8
17671 56 73 8
17682 56 73 8
17689 56 72 9
17707 57 72 9
17732 59 72 8
17748 59 71 8
17762 59 71 8
17771 60 71 8
17809 60 70 8
17854 59 70 8
17869 58 69 9
17897 57 69 8
17917 56 69 8
17934 55 68 8
17957 54 68 8
17967 53 68 8
17982 52 68 8
17993 52 67 8
18002 51 67 8
18005 52 67 8
18014 51 67 8
18022 50 67 8
18054 49 66 8
18053 49 67 8
18140 49 65 8
18169 50 64 8
18199 51 64 8
18217 52 64 8
18229 53 63 8
18252 54 63 8
18262 55 63 8
18277 56 63 8
18278 55 63 8
18289 56 63 8
18289 56 62 9
18312 57 62 9
18332 58 62 9
18424 49 74 6
18504 49 73 6
18584 49 72 6
18664 49 71 6
18744 49 70 6
18824 49 69 6
18904 49 68 6
18984 49 67 6
19064 49 66 6
19144 49 65 6
19565 49 65 6
19646 50 65 6
19726 51 65 6
19805 52 65 6
19885 53 65 6
19965 54 65 6
20049 49 74 12
20089 49 73 12
20129 49 72 12
20169 49 71 12
20209 49 70 12
20249 49 69 12
20289 49 68 12
20329 49 67 12
20369 49 66 12
20409 49 65 12
20449 49 64 12
20489 49 63 12
20529 49 62 12
20569 49 61 12
20609 49 60 12
20649 49 59 12
20689 49 58 12
20729 49 57 12
20769 49 56 12
20809 49 55 12
20879 49 56 13
20908 50 56 13
20919 50 57 13
20948 51 57 13
20959 51 58 13
20988 52 58 13
20999 52 59 13
21029 53 59 13
21038 53 60 13
21051 53 60 13
21067 54 60 13
21079 54 61 13
21092 54 61 13
21107 55 61 13
21119 55 62 13
21132 55 62 13
21147 56 62 13
21159 56 63 13
21172 56 63 13
21186 57 63 13
21198 57 64 13
21211 57 64 13
21226 58 64 13
21238 58 65 13
21251 58 65 13
21266 59 65 13
21278 59 66 13
21291 59 66 13
21306 60 66 13
21318 60 67 13
21331 60 67 13
21346 61 67 13
21358 61 68 13
21371 61 68 13
21386 62 68 13
21398 62 69 13
21411 62 69 13
21426 63 69 13
21439 63 70 13
21468 64 70 13
21478 64 71 13
21491 64 71 13
21506 65 71 13
21518 65 72 13
21531 65 72 13
22569 50 74 8
22593 51 74 8
22607 52 74 8
22622 53 74 8
22628 53 73 8
22636 53 74 8
22639 53 73 8
22641 54 73 8
22652 54 73 8
22656 55 73 8
22668 55 73 8
22671 56 73 8
22683 56 73 8
22689 56 72 9
22707 57 72 9
22732 59 72 8
22748 59 71 8
22762 59 71 8
22771 60 71 8
22809 60 70 8
22854 59 70 8
22869 58 69 9
22897 57 69 8
22917 56 69 8
22934 55 68 8
22957 54 68 8
22967 53 68 8
22982 52 68 8
22993 52 67 8
23002 51 67 8
23005 52 67 8
23014 51 67 8
23022 50 67 8
23053 49 67 8
23054 49 66 8
23140 49 65 8
23169 50 64 8
23199 51 64 8
23217 52 64 8
23229 53 63 8
23252 54 63 8
23262 55 63 8
23278 56 63 8
23290 56 62 9
23312 57 62 9
23332 58 62 9
23424 49 74 6
23504 49 73 6
23584 49 72 6
23664 49 71 6
23744 49 70 6
23824 49 69 6
23904 49 68 6
23984 49 67 6
24064 49 66 6
24144 49 65 6
24565 49 65 6
24646 50 65 6
24726 51 65 6
24805 52 65 6
24885 53 65 6
24965 54 65 6
25049 49 74 12
25089 49 73 12
25129 49 72 12
25169 49 71 12
25209 49 70 12
25249 49 69 12
25289 49 68 12
25329 49 67 12
25369 49 66 12
25409 49 65 12
25449 49 64 12
25489 49 63 12
25529 49 62 12
25569 49 61 12
25609 49 60 12
25649 49 59 12
25689 49 58 12
25729 49 57 12
25769 49 56 12
25809 49 55 12
25879 49 56 13
25908 50 56 13
25919 50 57 13
25948 51 57 13
25959 51 58 13
25988 52 58 13
25999 52 59 13
26029 53 59 13
26038 53 60 13
26051 53 60 13
26066 54 60 13
26078 54 61 13
26091 54 61 13
26106 55 61 13
26118 55 62 13
26131 55 62 13
26146 56 62 13
26158 56 63 13
26171 56 63 13
26186 57 63 13
26198 57 64 13
26211 57 64 13
26226 58 64 13
26238 58 65 13
26251 58 65 13
26266 59 65 13
26278 59 66 13
26291 59 66 13
26306 60 66 13
26318 60 67 13
26331 60 67 13
26346 61 67 13
26358 61 68 13
26371 61 68 13
26386 62 68 13
26398 62 69 13
26411 62 69 13
26426 63 69 13
26439 63 70 13
26468 64 70 13
26479 64 71 13
26508 65 71 13
26518 65 72 13
26531 65 72 13
27569 50 74 8
27593 51 74 8
27607 52 74 8
27622 53 74 8
27628 53 73 8
27636 53 74 8
27639 53 73 8
27641 54 73 8
27652 54 73 8
27656 55 73 8
27668 55 73 8
27671 56 73 8
27683 56 73 8
27689 56 72 9
27707 57 72 9
27732 59 72 8
27748 59 71 8
27762 59 71 8
27771 60 71 8
27809 60 70 8
27854 59 70 8
27869 58 69 9
27897 57 69 8
27917 56 69 8
27934 55 68 8
27957 54 68 8
27967 53 68 8
27982 52 68 8
27993 52 67 8
28002 51 67 8
28005 52 67 8
28014 51 67 8
28022 50 67 8
28053 49 67 8
28054 49 66 8
28140 49 65 8
28169 50 64 8
28199 51 64 8
28217 52 64 8
28229 53 63 8
28252 54 63 8
28262 55 63 8
28277 56 63 8
28289 56 62 9
28312 57 62 9
28332 58 62 9
28424 49 74 6
28504 49 73 6
28584 49 72 6
28664 49 71 6
28744 49 70 6
28824 49 69 6
28904 49 68 6
28984 49 67 6
29064 49 66 6
29144 49 65 6
29565 49 65 6
29646 50 65 6
29726 51 65 6
29805 52 65 6
29885 53 65 6
29965 54 65 6
30049 49 74 12
30089 49 73 12
30129 49 72 12
30169 49 71 12
30209 49 70 12
30249 49 69 12
30289 49 68 12
30329 49 67 12
30369 49 66 12
30409 49 65 12
30449 49 64 12
30489 49 63 12
30529 49 62 12
30569 49 61 12
30609 49 60 12
30649 49 59 12
30689 49 58 12
30729 49 57 12
30769 49 56 12
30809 49 55 12
30879 49 56 13
30908 50 56 13
30919 50 57 13
30948 51 57 13
30959 51 58 13
30988 52 58 13
30999 52 59 13
31029 53 59 13
31038 53 60 13
31051 53 60 13
31066 54 60 13
31078 54 61 13
31091 54 61 13
31106 55 61 13
31118 55 62 13
31131 55 62 13
31146 56 62 13
31158 56 63 13
31171 56 63 13
31186 57 63 13
31198 57 64 13
31211 57 64 13
31226 58 64 13
31238 58 65 13
31251 58 65 13
31266 59 65 13
31278 59 66 13
31291 59 66 13
31306 60 66 13
31318 60 67 13
31331 60 67 13
31346 61 67 13
31358 61 68 13
31371 61 68 13
31386 62 68 13
31398 62 69 13
31411 62 69 13
31426 63 69 13
31439 63 70 13
31468 64 70 13
31479 64 71 13
31508 65 71 13
31518 65 72 13
31531 65 72 13
32569 50 74 8
32593 51 74 8
32607 52 74 8
32622 53 74 8
32628 53 73 8
32636 53 74 8
32639 53 73 8
32641 54 73 8
32652 54 73 8
32656 55 73 8
32668 55 73 8
32671 56 73 8
32683 56 73 8
32689 56 72 9
32707 57 72 9
32732 59 72 8
32748 59 71 8
32762 59 71 8
32771 60 71 8
32809 60 70 8
32854 59 70 8
32869 58 69 9
32897 57 69 8
32917 56 69 8
32934 55 68 8
32957 54 68 8
32967 53 68 8
32982 52 68 8
32993 52 67 8
33002 51 67 8
33005 52 67 8
33014 51 67 8
33022 50 67 8
33053 49 67 8
33054 49 66 8
33140 49 65 8
33169 50 64 8
33199 51 64 8
33217 52 64 8
33229 53 63 8
33252 54 63 8
33262 55 63 8
33277 56 63 8
33289 56 62 9
33312 57 62 9
33332 58 62 9
33424 49 74 6
33504 49 73 6
33584 49 72 6
33664 49 71 6
33744 49 70 6
33824 49 69 6
33904 49 68 6
33984 49 67 6
34064 49 66 6
34144 49 65 6
34565 49 65 6
34646 50 65 6
34726 51 65 6
34805 52 65 6
34885 53 65 6
34965 54 65 6
35049 49 74 12
35089 49 73 12
35129 49 72 12
35169 49 71 12
35209 49 70 12
35249 49 69 12
35289 49 68 12
35329 49 67 12
35369 49 66 12
35409 49 65 12
35449 49 64 12
35489 49 63 12
35529 49 62 12
35569 49 61 12
35609 49 60 12
35649 49 59 12
35689 49 58 12
35729 49 57 12
35769 49 56 12
35809 49 55 12
35879 49 56 13
35908 50 56 13
35919 50 57 13
35948 51 57 13
35959 51 58 13
35988 52 58 13
35999 52 59 13
36029 53 59 13
36038 53 60 13
36051 53 60 13
36066 54 60 13
36078 54 61 13
36091 54 61 13
36106 55 61 13
36118 55 62 13
36131 55 62 13
36146 56 62 13
36158 56 63 13
36171 56 63 13
36186 57 63 13
36198 57 64 13
36211 57 64 13
36226 58 64 13
36238 58 65 13
36251 58 65 13
36266 59 65 13
36278 59 66 13
36291 59 66 13
36306 60 66 13
36318 60 67 13
36331 60 67 13
36346 61 67 13
36358 61 68 13
36371 61 68 13
36386 62 68 13
36398 62 69 13
36411 62 69 13
36426 63 69 13
36439 63 70 13
36468 64 70 13
36479 64 71 13
36508 65 71 13
36518 65 72 13
36531 65 72 13
37569 50 74 8
37593 51 74 8
37607 52 74 8
37622 53 74 8
37628 53 73 8
37636 53 74 8
37641 54 73 8
37639 53 73 8
37652 54 73 8
37656 55 73 8
37668 55 73 8
37671 56 73 8
37683 56 73 8
37689 56 72 9
37707 57 72 9
37732 59 72 8
37748 59 71 8
37762 59 71 8
37771 60 71 8
37809 60 70 8
37854 59 70 8
37869 58 69 9
37897 57 69 8
37917 56 69 8
37934 55 68 8
37957 54 68 8
37967 53 68 8
37982 52 68 8
37993 52 67 8
38002 51 67 8
38005 52 67 8
38014 51 67 8
38022 50 67 8
38054 49 66 8
38053 49 67 8
38140 49 65 8
38169 50 64 8
38199 51 64 8
38217 52 64 8
38229 53 63 8
38252 54 63 8
38262 55 63 8
38277 56 63 8
38289 56 62 9
38312 57 62 9
38332 58 62 9
38424 49 74 6
38504 49 73 6
38584 49 72 6
38664 49 71 6
38744 49 70 6
38824 49 69 6
38904 49 68 6
38984 49 67 6
39064 49 66 6
39144 49 65 6
39565 49 65 6
39646 50 65 6
39726 51 65 6
39805 52 65 6
39885 53 65 6
39965 54 65 6
40049 49 74 12
40089 49 73 12
40129 49 72 12
40169 49 71 12
40209 49 70 12
40249 49 69 12
40289 49 68 12
40329 49 67 12
40369 49 66 12
40409 49 65 12
40449 49 64 12
40489 49 63 12
40529 49 62 12
40569 49 61 12
40609 49 60 12
40649 49 59 12
40689 49 58 12
40729 49 57 12
40769 49 56 12
40809 49 55 12
40879 49 56 13
40908 50 56 13
40919 50 57 13
40948 51 57 13
40959 51 58 13
40988 52 58 13
40999 52 59 13
41029 53 59 13
41038 53 60 13
41051 53 60 13
41066 54 60 13
41078 54 61 13
41091 54 61 13
41106 55 61 13
41118 55 62 13
41131 55 62 13
41146 56 62 13
41158 56 63 13
41171 56 63 13
41186 57 63 13
41198 57 64 13
41211 57 64 13
41226 58 64 13
41238 58 65 13
41251 58 65 13
41266 59 65 13
41278 59 66 13
41291 59 66 13
41306 60 66 13
41318 60 67 13
41331 60 67 13
41346 61 67 13
41358 61 68 13
41371 61 68 13
41386 62 68 13
41398 62 69 13
41411 62 69 13
41426 63 69 13
41442 63 70 13
41442 64 70 12
41479 64 71 13
41508 65 71 13
41518 65 72 13
41531 65 72 13
42569 50 74 8
42593 51 74 8
42607 52 74 8
42622 53 74 8
42628 53 73 8
42636 53 74 8
42639 53 73 8
42641 54 73 8
42652 54 73 8
42656 55 73 8
42668 55 73 8
42671 56 73 8
42683 56 73 8
42689 56 72 9
42707 57 72 9
42732 59 72 8
42748 59 71 8
42762 59 71 8
42771 60 71 8
42809 60 70 8
42854 59 70 8
42869 58 69 9
42897 57 69 8
42917 56 69 8
42934 55 68 8
42957 54 68 8
42967 53 68 8
42982 52 68 8
42993 52 67 8
43002 51 67 8
43005 52 67 8
43014 51 67 8
43022 50 67 8
43053 49 67 8
43054 49 66 8
43140 49 65 8
43169 50 64 8
43199 51 64 8
43217 52 64 8
43229 53 63 8
43252 54 63 8
43262 55 63 8
43277 56 63 8
43289 56 62 9
43312 57 62 9
43332 58 62 9
43424 49 74 6
43504 49 73 6
43584 49 72 6
43664 49 71 6
43744 49 70 6
43824 49 69 6
43904 49 68 6
43984 49 67 6
44064 49 66 6
44144 49 65 6
44565 49 65 6
44646 50 65 6
44726 51 65 6
44805 52 65 6
44885 53 65 6
44965 54 65 6
45049 49 74 12
45089 49 73 12
45129 49 72 12
45169 49 71 12
45209 49 70 12
45249 49 69 12
45289 49 68 12
45329 49 67 12
45369 49 66 12
45409 49 65 12
45449 49 64 12
45489 49 63 12
45529 49 62 12
45569 49 61 12
45609 49 60 12
45649 49 59 12
45689 49 58 12
45729 49 57 12
45769 49 56 12
45809 49 55 12
45879 49 56 13
45908 50 56 13
45919 50 57 13
45948 51 57 13
45959 51 58 13
45988 52 58 13
45999 52 59 13
46028 53 59 13
46038 53 60 13
46051 53 60 13
46066 54 60 13
46078 54 61 13
46091 54 61 13
46106 55 61 13
46118 55 62 13
46131 55 62 13
46146 56 62 13
46158 56 63 13
46171 56 63 13
46186 57 63 13
46198 57 64 13
46211 57 64 13
46226 58 64 13
46238 58 65 13
46251 58 65 13
46266 59 65 13
46278 59 66 13
46291 59 66 13
46306 60 66 13
46318 60 67 13
46331 60 67 13
46346 61 67 13
46358 61 68 13
46371 61 68 13
46386 62 68 13
46398 62 69 13
46411 62 69 13
46426 63 69 13
46439 63 70 13
46468 64 70 13
46478 64 71 13
46491 64 71 13
46506 65 71 13
46518 65 72 13
46531 65 72 13
47569 50 74 8
47593 51 74 8
47607 52 74 8
47622 53 74 8
47628 53 73 8
47636 53 74 8
47639 53 73 8
47641 54 73 8
47652 54 73 8
47656 55 73 8
47668 55 73 8
47671 56 73 8
47683 56 73 8
47689 56 72 9
47707 57 72 9
47732 59 72 8
47748 59 71 8
47762 59 71 8
47771 60 71 8
47809 60 70 8
47854 59 70 8
47869 58 69 9
47897 57 69 8
47917 56 69 8
47934 55 68 8
47957 54 68 8
47967 53 68 8
47982 52 68 8
47993 52 67 8
48002 51 67 8
48005 52 67 8
48014 51 67 8
48022 50 67 8
48054 49 66 8
48053 49 67 8
48140 49 65 8
48169 50 64 8
48199 51 64 8
48217 52 64 8
48229 53 63 8
48252 54 63 8
48262 55 63 8
48277 56 63 8
48289 56 62 9
48312 57 62 9
48332 58 62 9
48424 49 74 6
48504 49 73 6
48584 49 72 6
48664 49 71 6
48744 49 70 6
48824 49 69 6
48904 49 68 6
48984 49 67 6
49064 49 66 6
49144 49 65 6
49565 49 65 6
49646 50 65 6
