10 63 58 0 1
1010 64 58 0 1
68010 65 58 0 1
72010 65 59 0 1
105010 66 59 0 1
137010 67 59 0 1
144010 67 60 0 1
166010 68 60 0 1
196010 69 60 0 1
216010 69 61 0 1
229010 70 61 0 1
270010 71 61 0 1
288010 71 62 0 1
360010 71 63 0 1
412010 70 63 0 1
432010 70 64 0 1
453010 69 64 0 1
486010 68 64 0 1
504010 68 65 0 1
516010 67 65 0 1
545010 66 65 0 1
576010 66 66 0 1
577010 65 66 0 1
614010 64 66 0 1
648010 64 67 0 1
681010 63 67 0 1
719010 64 67 0 1
720010 64 68 0 1
786010 65 68 0 1
792010 65 69 0 1
823010 66 69 0 1
855010 67 69 0 1
864010 67 70 0 1
884010 68 70 0 1
914010 69 70 0 1
936010 69 71 0 1
947010 70 71 0 1
988010 71 71 0 1
10 72 58 0 0
53010 73 58 0 0
72010 73 59 0 0
94010 74 59 0 0
127010 75 59 0 0
144010 75 60 0 0
156010 76 60 0 0
186010 77 60 0 0
216010 77 61 0 0
217010 78 61 0 0
255010 79 61 0 0
288010 79 62 0 0
322010 80 62 0 0
360010 79 63 0 0
427010 78 63 0 0
432010 78 64 0 0
464010 77 64 0 0
496010 76 64 0 0
504010 76 65 0 0
525010 75 65 0 0
555010 74 65 0 0
576010 74 66 0 0
588010 73 66 0 0
629010 72 66 0 0
648010 72 67 0 0
720010 72 68 0 0
771010 73 68 0 0
792010 73 69 0 0
812010 74 69 0 0
845010 75 69 0 0
864010 75 70 0 0
875010 76 70 0 0
904010 77 70 0 0
936010 78 71 0 0
973010 79 71 0 0
1000010 63 58 0 1
1001010 64 58 0 1
1068010 65 58 0 1
1072010 65 59 0 1
1105010 66 59 0 1
1137010 67 59 0 1
1144010 67 60 0 1
1166010 68 60 0 1
1196010 69 60 0 1
1216010 69 61 0 1
1229010 70 61 0 1
1270010 71 61 0 1
1288010 71 62 0 1
1360010 71 63 0 1
1412010 70 63 0 1
1432010 70 64 0 1
1453010 69 64 0 1
1486010 68 64 0 1
1504010 68 65 0 1
1516010 67 65 0 1
1545010 66 65 0 1
1576010 66 66 0 1
1577010 65 66 0 1
1614010 64 66 0 1
1648010 64 67 0 1
1681010 63 67 0 1
1719010 64 67 0 1
1720010 64 68 0 1
1786010 65 68 0 1
1792010 65 69 0 1
1823010 66 69 0 1
1855010 67 69 0 1
1864010 67 70 0 1
1884010 68 70 0 1
1914010 69 70 0 1
1936010 69 71 0 1
1947010 70 71 0 1
1988010 71 71 0 1
1000010 72 58 0 0
1053010 73 58 0 0
1072010 73 59 0 0
1094010 74 59 0 0
1127010 75 59 0 0
1144010 75 60 0 0
1156010 76 60 0 0
1186010 77 60 0 0
1216010 77 61 0 0
1217010 78 61 0 0
1255010 79 61 0 0
1288010 79 62 0 0
1322010 80 62 0 0
1360010 79 63 0 0
1427010 78 63 0 0
1432010 78 64 0 0
1464010 77 64 0 0
1496010 76 64 0 0
1504010 76 65 0 0
1525010 75 65 0 0
1555010 74 65 0 0
1576010 74 66 0 0
1588010 73 66 0 0
1629010 72 66 0 0
1648010 72 67 0 0
1720010 72 68 0 0
1771010 73 68 0 0
1792010 73 69 0 0
1812010 74 69 0 0
1845010 75 69 0 0
1864010 75 70 0 0
1875010 76 70 0 0
1904010 77 70 0 0
1936010 78 71 0 0
1973010 79 71 0 0
2000010 63 58 0 1
2001010 64 58 0 1
2068010 65 58 0 1
2072010 65 59 0 1
2105010 66 59 0 1
2137010 67 59 0 1
2144010 67 60 0 1
2166010 68 60 0 1
2196010 69 60 0 1
2216010 69 61 0 1
2229010 70 61 0 1
2270010 71 61 0 1
2288010 71 62 0 1
2360010 71 63 0 1
2412010 70 63 0 1
2432010 70 64 0 1
2453010 69 64 0 1
2486010 68 64 0 1
2504010 68 65 0 1
2516010 67 65 0 1
2545010 66 65 0 1
2576010 66 66 0 1
2577010 65 66 0 1
2614010 64 66 0 1
2648010 64 67 0 1
2681010 63 67 0 1
2719010 64 67 0 1
2720010 64 68 0 1
2786010 65 68 0 1
2792010 65 69 0 1
2823010 66 69 0 1
2855010 67 69 0 1
2864010 67 70 0 1
2884010 68 70 0 1
2914010 69 70 0 1
2936010 69 71 0 1
2947010 70 71 0 1
2988010 71 71 0 1
2000010 72 58 0 0
2053010 73 58 0 0
2072010 73 59 0 0
2094010 74 59 0 0
2127010 75 59 0 0
2144010 75 60 0 0
2156010 76 60 0 0
2186010 77 60 0 0
2216010 77 61 0 0
2217010 78 61 0 0
2255010 79 61 0 0
2288010 79 62 0 0
2322010 80 62 0 0
2360010 79 63 0 0
2427010 78 63 0 0
2432010 78 64 0 0
2464010 77 64 0 0
2496010 76 64 0 0
2504010 76 65 0 0
2525010 75 65 0 0
2555010 74 65 0 0
2576010 74 66 0 0
2588010 73 66 0 0
2629010 72 66 0 0
2648010 72 67 0 0
2720010 72 68 0 0
2771010 73 68 0 0
2792010 73 69 0 0
2812010 74 69 0 0
2845010 75 69 0 0
2864010 75 70 0 0
2875010 76 70 0 0
2904010 77 70 0 0
2936010 78 71 0 0
2973010 79 71 0 0
3000010 63 58 0 1
3001010 64 58 0 1
3068010 65 58 0 1
3072010 65 59 0 1
3105010 66 59 0 1
3137010 67 59 0 1
3144010 67 60 0 1
3166010 68 60 0 1
3196010 69 60 0 1
3216010 69 61 0 1
3229010 70 61 0 1
3270010 71 61 0 1
3288010 71 62 0 1
3360010 71 63 0 1
3412010 70 63 0 1
3432010 70 64 0 1
3453010 69 64 0 1
3486010 68 64 0 1
3504010 68 65 0 1
3516010 67 65 0 1
3545010 66 65 0 1
3576010 66 66 0 1
3577010 65 66 0 1
3614010 64 66 0 1
3648010 64 67 0 1
3681010 63 67 0 1
3719010 64 67 0 1
3720010 64 68 0 1
3786010 65 68 0 1
3792010 65 69 0 1
3823010 66 69 0 1
3855010 67 69 0 1
3864010 67 70 0 1
3884010 68 70 0 1
3914010 69 70 0 1
3936010 69 71 0 1
3947010 70 71 0 1
3988010 71 71 0 1
3000010 72 58 0 0
3053010 73 58 0 0
3072010 73 59 0 0
3094010 74 59 0 0
3127010 75 59 0 0
3144010 75 60 0 0
3156010 76 60 0 0
3186010 77 60 0 0
3216010 77 61 0 0
3217010 78 61 0 0
3255010 79 61 0 0
3288010 79 62 0 0
3322010 80 62 0 0
3360010 79 63 0 0
3427010 78 63 0 0
3432010 78 64 0 0
3464010 77 64 0 0
3496010 76 64 0 0
3504010 76 65 0 0
3525010 75 65 0 0
3555010 74 65 0 0
3576010 74 66 0 0
3588010 73 66 0 0
3629010 72 66 0 0
3648010 72 67 0 0
3720010 72 68 0 0
3771010 73 68 0 0
3792010 73 69 0 0
3812010 74 69 0 0
3845010 75 69 0 0
3864010 75 70 0 0
3875010 76 70 0 0
3904010 77 70 0 0
3936010 78 71 0 0
3973010 79 71 0 0
4000010 63 58 0 1
4001010 64 58 0 1
4068010 65 58 0 1
4072010 65 59 0 1
4105010 66 59 0 1
4137010 67 59 0 1
4144010 67 60 0 1
4166010 68 60 0 1
4196010 69 60 0 1
4216010 69 61 0 1
4229010 70 61 0 1
4270010 71 61 0 1
4288010 71 62 0 1
4360010 71 63 0 1
4412010 70 63 0 1
4432010 70 64 0 1
4453010 69 64 0 1
4486010 68 64 0 1
4504010 68 65 0 1
4516010 67 65 0 1
4545010 66 65 0 1
4576010 66 66 0 1
4577010 65 66 0 1
4614010 64 66 0 1
4648010 64 67 0 1
4681010 63 67 0 1
4719010 64 67 0 1
4720010 64 68 0 1
4786010 65 68 0 1
4792010 65 69 0 1
4823010 66 69 0 1
4855010 67 69 0 1
4864010 67 70 0 1
4884010 68 70 0 1
4914010 69 70 0 1
4936010 69 71 0 1
4947010 70 71 0 1
4988010 71 71 0 1
4000010 72 58 0 0
4053010 73 58 0 0
4072010 73 59 0 0
4094010 74 59 0 0
4127010 75 59 0 0
4144010 75 60 0 0
4156010 76 60 0 0
4186010 77 60 0 0
4216010 77 61 0 0
4217010 78 61 0 0
4255010 79 61 0 0
4288010 79 62 0 0
4322010 80 62 0 0
4360010 79 63 0 0
4427010 78 63 0 0
4432010 78 64 0 0
4464010 77 64 0 0
4496010 76 64 0 0
4504010 76 65 0 0
4525010 75 65 0 0
4555010 74 65 0 0
4576010 74 66 0 0
4588010 73 66 0 0
4629010 72 66 0 0
4648010 72 67 0 0
4720010 72 68 0 0
4771010 73 68 0 0
4792010 73 69 0 0
4812010 74 69 0 0
4845010 75 69 0 0
4864010 75 70 0 0
4875010 76 70 0 0
4904010 77 70 0 0
4936010 78 71 0 0
4973010 79 71 0 0
5000010 63 58 0 1
5001010 64 58 0 1
5068010 65 58 0 1
5072010 65 59 0 1
5105010 66 59 0 1
5137010 67 59 0 1
5144010 67 60 0 1
5166010 68 60 0 1
5196010 69 60 0 1
5216010 69 61 0 1
5229010 70 61 0 1
5270010 71 61 0 1
5288010 71 62 0 1
5360010 71 63 0 1
5412010 70 63 0 1
5432010 70 64 0 1
5453010 69 64 0 1
5486010 68 64 0 1
5504010 68 65 0 1
5516010 67 65 0 1
5545010 66 65 0 1
5576010 66 66 0 1
5577010 65 66 0 1
5614010 64 66 0 1
5648010 64 67 0 1
5681010 63 67 0 1
5719010 64 67 0 1
5720010 64 68 0 1
5786010 65 68 0 1
5792010 65 69 0 1
5823010 66 69 0 1
5855010 67 69 0 1
5864010 67 70 0 1
5884010 68 70 0 1
5914010 69 70 0 1
5936010 69 71 0 1
5947010 70 71 0 1
5988010 71 71 0 1
5000010 72 58 0 0
5053010 73 58 0 0
5072010 73 59 0 0
5094010 74 59 0 0
5127010 75 59 0 0
5144010 75 60 0 0
5156010 76 60 0 0
5186010 77 60 0 0
5216010 77 61 0 0
5217010 78 61 0 0
5255010 79 61 0 0
5288010 79 62 0 0
5322010 80 62 0 0
5360010 79 63 0 0
5427010 78 63 0 0
5432010 78 64 0 0
5464010 77 64 0 0
5496010 76 64 0 0
5504010 76 65 0 0
5525010 75 65 0 0
5555010 74 65 0 0
5576010 74 66 0 0
5588010 73 66 0 0
5629010 72 66 0 0
5648010 72 67 0 0
5720010 72 68 0 0
5771010 73 68 0 0
5792010 73 69 0 0
5812010 74 69 0 0
5845010 75 69 0 0
5864010 75 70 0 0
5875010 76 70 0 0
5904010 77 70 0 0
5936010 78 71 0 0
5973010 79 71 0 0
6000010 63 58 0 1
6001010 64 58 0 1
6068010 65 58 0 1
6072010 65 59 0 1
6105010 66 59 0 1
6137010 67 59 0 1
6144010 67 60 0 1
6166010 68 60 0 1
6196010 69 60 0 1
6216010 69 61 0 1
6229010 70 61 0 1
6270010 71 61 0 1
6288010 71 62 0 1
6360010 71 63 0 1
6412010 70 63 0 1
6432010 70 64 0 1
6453010 69 64 0 1
6486010 68 64 0 1
6504010 68 65 0 1
6516010 67 65 0 1
6545010 66 65 0 1
6576010 66 66 0 1
6577010 65 66 0 1
6614010 64 66 0 1
6648010 64 67 0 1
6681010 63 67 0 1
6719010 64 67 0 1
6720010 64 68 0 1
6786010 65 68 0 1
6792010 65 69 0 1
6823010 66 69 0 1
6855010 67 69 0 1
6864010 67 70 0 1
6884010 68 70 0 1
6914010 69 70 0 1
6936010 69 71 0 1
6947010 70 71 0 1
6988010 71 71 0 1
6000010 72 58 0 0
6053010 73 58 0 0
6072010 73 59 0 0
6094010 74 59 0 0
6127010 75 59 0 0
6144010 75 60 0 0
6156010 76 60 0 0
6186010 77 60 0 0
6216010 77 61 0 0
6217010 78 61 0 0
6255010 79 61 0 0
6288010 79 62 0 0
6322010 80 62 0 0
6360010 79 63 0 0
6427010 78 63 0 0
6432010 78 64 0 0
6464010 77 64 0 0
6496010 76 64 0 0
6504010 76 65 0 0
6525010 75 65 0 0
6555010 74 65 0 0
6576010 74 66 0 0
6588010 73 66 0 0
6629010 72 66 0 0
6648010 72 67 0 0
6720010 72 68 0 0
6771010 73 68 0 0
6792010 73 69 0 0
6812010 74 69 0 0
6845010 75 69 0 0
6864010 75 70 0 0
6875010 76 70 0 0
6904010 77 70 0 0
6936010 78 71 0 0
6973010 79 71 0 0
7000010 63 58 0 1
7001010 64 58 0 1
7068010 65 58 0 1
7072010 65 59 0 1
7105010 66 59 0 1
7137010 67 59 0 1
7144010 67 60 0 1
7166010 68 60 0 1
7196010 69 60 0 1
7216010 69 61 0 1
7229010 70 61 0 1
7270010 71 61 0 1
7288010 71 62 0 1
7360010 71 63 0 1
7412010 70 63 0 1
7432010 70 64 0 1
7453010 69 64 0 1
7486010 68 64 0 1
7504010 68 65 0 1
7516010 67 65 0 1
7545010 66 65 0 1
7576010 66 66 0 1
7577010 65 66 0 1
7614010 64 66 0 1
7648010 64 67 0 1
7681010 63 67 0 1
7719010 64 67 0 1
7720010 64 68 0 1
7786010 65 68 0 1
7792010 65 69 0 1
7823010 66 69 0 1
7855010 67 69 0 1
7864010 67 70 0 1
7884010 68 70 0 1
7914010 69 70 0 1
7936010 69 71 0 1
7947010 70 71 0 1
7988010 71 71 0 1
7000010 72 58 0 0
7053010 73 58 0 0
7072010 73 59 0 0
7094010 74 59 0 0
7127010 75 59 0 0
7144010 75 60 0 0
7156010 76 60 0 0
7186010 77 60 0 0
7216010 77 61 0 0
7217010 78 61 0 0
7255010 79 61 0 0
7288010 79 62 0 0
7322010 80 62 0 0
7360010 79 63 0 0
7427010 78 63 0 0
7432010 78 64 0 0
7464010 77 64 0 0
7496010 76 64 0 0
7504010 76 65 0 0
7525010 75 65 0 0
7555010 74 65 0 0
7576010 74 66 0 0
7588010 73 66 0 0
7629010 72 66 0 0
7648010 72 67 0 0
7720010 72 68 0 0
7771010 73 68 0 0
7792010 73 69 0 0
7812010 74 69 0 0
7845010 75 69 0 0
7864010 75 70 0 0
7875010 76 70 0 0
7904010 77 70 0 0
7936010 78 71 0 0
7973010 79 71 0 0
8000010 63 58 0 1
8001010 64 58 0 1
8068010 65 58 0 1
8072010 65 59 0 1
8105010 66 59 0 1
8137010 67 59 0 1
8144010 67 60 0 1
8166010 68 60 0 1
8196010 69 60 0 1
8216010 69 61 0 1
8229010 70 61 0 1
8270010 71 61 0 1
8288010 71 62 0 1
8360010 71 63 0 1
8412010 70 63 0 1
8432010 70 64 0 1
8453010 69 64 0 1
8486010 68 64 0 1
8504010 68 65 0 1
8516010 67 65 0 1
8545010 66 65 0 1
8576010 66 66 0 1
8577010 65 66 0 1
8614010 64 66 0 1
8648010 64 67 0 1
8681010 63 67 0 1
8719010 64 67 0 1
8720010 64 68 0 1
8786010 65 68 0 1
8792010 65 69 0 1
8823010 66 69 0 1
8855010 67 69 0 1
8864010 67 70 0 1
8884010 68 70 0 1
8914010 69 70 0 1
8936010 69 71 0 1
8947010 70 71 0 1
8988010 71 71 0 1
8000010 72 58 0 0
8053010 73 58 0 0
8072010 73 59 0 0
8094010 74 59 0 0
8127010 75 59 0 0
8144010 75 60 0 0
8156010 76 60 0 0
8186010 77 60 0 0
8216010 77 61 0 0
8217010 78 61 0 0
8255010 79 61 0 0
8288010 79 62 0 0
8322010 80 62 0 0
8360010 79 63 0 0
8427010 78 63 0 0
8432010 78 64 0 0
8464010 77 64 0 0
8496010 76 64 0 0
8504010 76 65 0 0
8525010 75 65 0 0
8555010 74 65 0 0
8576010 74 66 0 0
8588010 73 66 0 0
8629010 72 66 0 0
8648010 72 67 0 0
8720010 72 68 0 0
8771010 73 68 0 0
8792010 73 69 0 0
8812010 74 69 0 0
8845010 75 69 0 0
8864010 75 70 0 0
8875010 76 70 0 0
8904010 77 70 0 0
8936010 78 71 0 0
8973010 79 71 0 0
9000010 63 58 0 1
9001010 64 58 0 1
9068010 65 58 0 1
9072010 65 59 0 1
9105010 66 59 0 1
9137010 67 59 0 1
9144010 67 60 0 1
9166010 68 60 0 1
9196010 69 60 0 1
9216010 69 61 0 1
9229010 70 61 0 1
9270010 71 61 0 1
9288010 71 62 0 1
9360010 71 63 0 1
9412010 70 63 0 1
9432010 70 64 0 1
9453010 69 64 0 1
9486010 68 64 0 1
9504010 68 65 0 1
9516010 67 65 0 1
9545010 66 65 0 1
9576010 66 66 0 1
9577010 65 66 0 1
9614010 64 66 0 1
9648010 64 67 0 1
9681010 63 67 0 1
9719010 64 67 0 1
9720010 64 68 0 1
9786010 65 68 0 1
9792010 65 69 0 1
9823010 66 69 0 1
9855010 67 69 0 1
9864010 67 70 0 1
9884010 68 70 0 1
9914010 69 70 0 1
9936010 69 71 0 1
9947010 70 71 0 1
9988010 71 71 0 1
9000010 72 58 0 0
9053010 73 58 0 0
9072010 73 59 0 0
9094010 74 59 0 0
9127010 75 59 0 0
9144010 75 60 0 0
9156010 76 60 0 0
9186010 77 60 0 0
9216010 77 61 0 0
9217010 78 61 0 0
9255010 79 61 0 0
9288010 79 62 0 0
9322010 80 62 0 0
9360010 79 63 0 0
9427010 78 63 0 0
9432010 78 64 0 0
9464010 77 64 0 0
9496010 76 64 0 0
9504010 76 65 0 0
9525010 75 65 0 0
9555010 74 65 0 0
9576010 74 66 0 0
9588010 73 66 0 0
9629010 72 66 0 0
9648010 72 67 0 0
9720010 72 68 0 0
9771010 73 68 0 0
9792010 73 69 0 0
9812010 74 69 0 0
9845010 75 69 0 0
9864010 75 70 0 0
9875010 76 70 0 0
9904010 77 70 0 0
9936010 78 71 0 0
9973010 79 71 0 0
0 53 54 0 1
16000 53 55 0 1
32000 53 56 0 1
48000 53 57 0 1
64000 53 58 0 1
80000 53 59 0 1
96000 53 60 0 1
112000 53 61 0 1
128000 53 62 0 1
144000 53 63 0 1
160000 53 64 0 1
176000 53 65 0 1
192000 53 66 0 1
208000 53 67 0 1
224000 53 68 0 1
240000 53 69 0 1
256000 53 70 0 1
272000 53 71 0 1
288000 53 72 0 1
304000 53 73 0 1
320000 53 74 0 1
347000 53 73 0 1
363000 53 72 0 1
366000 54 72 0 1
379000 54 71 0 1
395000 54 70 0 1
398000 55 70 0 1
411000 55 69 0 1
427000 55 68 0 1
430000 56 68 0 1
443000 56 67 0 1
459000 56 66 0 1
462000 57 66 0 1
475000 57 65 0 1
491000 57 64 0 1
494000 58 64 0 1
507000 58 63 0 1
523000 58 62 0 1
526000 59 62 0 1
539000 59 61 0 1
555000 59 60 0 1
558000 60 60 0 1
571000 60 59 0 1
587000 60 58 0 1
590000 61 58 0 1
603000 61 57 0 1
619000 61 56 0 1
622000 62 56 0 1
635000 62 55 0 1
651000 62 54 0 1
654000 63 54 0 1
683000 63 55 0 1
699000 63 56 0 1
715000 63 57 0 1
731000 63 58 0 1
747000 63 59 0 1
763000 63 60 0 1
779000 63 61 0 1
795000 63 62 0 1
811000 63 63 0 1
827000 63 64 0 1
843000 63 65 0 1
859000 63 66 0 1
875000 63 67 0 1
891000 63 68 0 1
907000 63 69 0 1
923000 63 70 0 1
939000 63 71 0 1
955000 63 72 0 1
971000 63 73 0 1
987000 63 74 0 1
0 65 54 0 0
16000 65 55 0 0
32000 65 56 0 0
48000 65 57 0 0
64000 65 58 0 0
80000 65 59 0 0
96000 65 60 0 0
112000 65 61 0 0
128000 65 62 0 0
144000 65 63 0 0
160000 65 64 0 0
176000 65 65 0 0
192000 65 66 0 0
208000 65 67 0 0
224000 65 68 0 0
240000 65 69 0 0
256000 65 70 0 0
272000 65 71 0 0
288000 65 72 0 0
304000 65 73 0 0
320000 65 74 0 0
347000 65 73 0 0
350000 66 73 0 0
363000 66 72 0 0
379000 66 71 0 0
382000 67 71 0 0
395000 67 70 0 0
411000 67 69 0 0
414000 68 69 0 0
427000 68 68 0 0
443000 68 67 0 0
446000 69 67 0 0
459000 69 66 0 0
475000 69 65 0 0
478000 70 65 0 0
491000 70 64 0 0
507000 70 63 0 0
510000 71 63 0 0
523000 71 62 0 0
539000 71 61 0 0
542000 72 61 0 0
555000 72 60 0 0
571000 72 59 0 0
574000 73 59 0 0
587000 73 58 0 0
603000 73 57 0 0
606000 74 57 0 0
619000 74 56 0 0
635000 74 55 0 0
638000 75 55 0 0
651000 75 54 0 0
683000 75 55 0 0
699000 75 56 0 0
715000 75 57 0 0
731000 75 58 0 0
747000 75 59 0 0
763000 75 60 0 0
779000 75 61 0 0
795000 75 62 0 0
811000 75 63 0 0
827000 75 64 0 0
843000 75 65 0 0
859000 75 66 0 0
875000 75 67 0 0
891000 75 68 0 0
907000 75 69 0 0
923000 75 70 0 0
939000 75 71 0 0
955000 75 72 0 0
971000 75 73 0 0
987000 75 74 0 0
1000000 53 54 0 1
1016000 53 55 0 1
1032000 53 56 0 1
1048000 53 57 0 1
1064000 53 58 0 1
1080000 53 59 0 1
1096000 53 60 0 1
1112000 53 61 0 1
1128000 53 62 0 1
1144000 53 63 0 1
1160000 53 64 0 1
1176000 53 65 0 1
1192000 53 66 0 1
1208000 53 67 0 1
1224000 53 68 0 1
1240000 53 69 0 1
1256000 53 70 0 1
1272000 53 71 0 1
1288000 53 72 0 1
1304000 53 73 0 1
1320000 53 74 0 1
1347000 53 73 0 1
1363000 53 72 0 1
1366000 54 72 0 1
1379000 54 71 0 1
1395000 54 70 0 1
1398000 55 70 0 1
1411000 55 69 0 1
1427000 55 68 0 1
1430000 56 68 0 1
1443000 56 67 0 1
1459000 56 66 0 1
1462000 57 66 0 1
1475000 57 65 0 1
1491000 57 64 0 1
1494000 58 64 0 1
1507000 58 63 0 1
1523000 58 62 0 1
1526000 59 62 0 1
1539000 59 61 0 1
1555000 59 60 0 1
1558000 60 60 0 1
1571000 60 59 0 1
1587000 60 58 0 1
1590000 61 58 0 1
1603000 61 57 0 1
1619000 61 56 0 1
1622000 62 56 0 1
1635000 62 55 0 1
1651000 62 54 0 1
1654000 63 54 0 1
1683000 63 55 0 1
1699000 63 56 0 1
1715000 63 57 0 1
1731000 63 58 0 1
1747000 63 59 0 1
1763000 63 60 0 1
1779000 63 61 0 1
1795000 63 62 0 1
1811000 63 63 0 1
1827000 63 64 0 1
1843000 63 65 0 1
1859000 63 66 0 1
1875000 63 67 0 1
1891000 63 68 0 1
1907000 63 69 0 1
1923000 63 70 0 1
1939000 63 71 0 1
1955000 63 72 0 1
1971000 63 73 0 1
1987000 63 74 0 1
1000000 65 54 0 0
1016000 65 55 0 0
1032000 65 56 0 0
1048000 65 57 0 0
1064000 65 58 0 0
1080000 65 59 0 0
1096000 65 60 0 0
1112000 65 61 0 0
1128000 65 62 0 0
1144000 65 63 0 0
1160000 65 64 0 0
1176000 65 65 0 0
1192000 65 66 0 0
1208000 65 67 0 0
1224000 65 68 0 0
1240000 65 69 0 0
1256000 65 70 0 0
1272000 65 71 0 0
1288000 65 72 0 0
1304000 65 73 0 0
1320000 65 74 0 0
1347000 65 73 0 0
1350000 66 73 0 0
1363000 66 72 0 0
1379000 66 71 0 0
1382000 67 71 0 0
1395000 67 70 0 0
1411000 67 69 0 0
1414000 68 69 0 0
1427000 68 68 0 0
1443000 68 67 0 0
1446000 69 67 0 0
1459000 69 66 0 0
1475000 69 65 0 0
1478000 70 65 0 0
1491000 70 64 0 0
1507000 70 63 0 0
1510000 71 63 0 0
1523000 71 62 0 0
1539000 71 61 0 0
1542000 72 61 0 0
1555000 72 60 0 0
1571000 72 59 0 0
1574000 73 59 0 0
1587000 73 58 0 0
1603000 73 57 0 0
1606000 74 57 0 0
1619000 74 56 0 0
1635000 74 55 0 0
1638000 75 55 0 0
1651000 75 54 0 0
1683000 75 55 0 0
1699000 75 56 0 0
1715000 75 57 0 0
1731000 75 58 0 0
1747000 75 59 0 0
1763000 75 60 0 0
1779000 75 61 0 0
1795000 75 62 0 0
1811000 75 63 0 0
1827000 75 64 0 0
1843000 75 65 0 0
1859000 75 66 0 0
1875000 75 67 0 0
1891000 75 68 0 0
1907000 75 69 0 0
1923000 75 70 0 0
1939000 75 71 0 0
1955000 75 72 0 0
1971000 75 73 0 0
1987000 75 74 0 0
2000000 53 54 0 1
2016000 53 55 0 1
2032000 53 56 0 1
2048000 53 57 0 1
2064000 53 58 0 1
2080000 53 59 0 1
2096000 53 60 0 1
2112000 53 61 0 1
2128000 53 62 0 1
2144000 53 63 0 1
2160000 53 64 0 1
2176000 53 65 0 1
2192000 53 66 0 1
2208000 53 67 0 1
2224000 53 68 0 1
2240000 53 69 0 1
2256000 53 70 0 1
2272000 53 71 0 1
2288000 53 72 0 1
2304000 53 73 0 1
2320000 53 74 0 1
2347000 53 73 0 1
2363000 53 72 0 1
2366000 54 72 0 1
2379000 54 71 0 1
2395000 54 70 0 1
2398000 55 70 0 1
2411000 55 69 0 1
2427000 55 68 0 1
2430000 56 68 0 1
2443000 56 67 0 1
2459000 56 66 0 1
2462000 57 66 0 1
2475000 57 65 0 1
2491000 57 64 0 1
2494000 58 64 0 1
2507000 58 63 0 1
2523000 58 62 0 1
2526000 59 62 0 1
2539000 59 61 0 1
2555000 59 60 0 1
2558000 60 60 0 1
2571000 60 59 0 1
2587000 60 58 0 1
2590000 61 58 0 1
2603000 61 57 0 1
2619000 61 56 0 1
2622000 62 56 0 1
2635000 62 55 0 1
2651000 62 54 0 1
2654000 63 54 0 1
2683000 63 55 0 1
2699000 63 56 0 1
2715000 63 57 0 1
2731000 63 58 0 1
2747000 63 59 0 1
2763000 63 60 0 1
2779000 63 61 0 1
2795000 63 62 0 1
2811000 63 63 0 1
2827000 63 64 0 1
2843000 63 65 0 1
2859000 63 66 0 1
2875000 63 67 0 1
2891000 63 68 0 1
2907000 63 69 0 1
2923000 63 70 0 1
2939000 63 71 0 1
2955000 63 72 0 1
2971000 63 73 0 1
2987000 63 74 0 1
2000000 65 54 0 0
2016000 65 55 0 0
2032000 65 56 0 0
2048000 65 57 0 0
2064000 65 58 0 0
2080000 65 59 0 0
2096000 65 60 0 0
2112000 65 61 0 0
2128000 65 62 0 0
2144000 65 63 0 0
2160000 65 64 0 0
2176000 65 65 0 0
2192000 65 66 0 0
2208000 65 67 0 0
2224000 65 68 0 0
2240000 65 69 0 0
2256000 65 70 0 0
2272000 65 71 0 0
2288000 65 72 0 0
2304000 65 73 0 0
2320000 65 74 0 0
2347000 65 73 0 0
2350000 66 73 0 0
2363000 66 72 0 0
2379000 66 71 0 0
2382000 67 71 0 0
2395000 67 70 0 0
2411000 67 69 0 0
2414000 68 69 0 0
2427000 68 68 0 0
2443000 68 67 0 0
2446000 69 67 0 0
2459000 69 66 0 0
2475000 69 65 0 0
2478000 70 65 0 0
2491000 70 64 0 0
2507000 70 63 0 0
2510000 71 63 0 0
2523000 71 62 0 0
2539000 71 61 0 0
2542000 72 61 0 0
2555000 72 60 0 0
2571000 72 59 0 0
2574000 73 59 0 0
2587000 73 58 0 0
2603000 73 57 0 0
2606000 74 57 0 0
2619000 74 56 0 0
2635000 74 55 0 0
2638000 75 55 0 0
2651000 75 54 0 0
2683000 75 55 0 0
2699000 75 56 0 0
2715000 75 57 0 0
2731000 75 58 0 0
2747000 75 59 0 0
2763000 75 60 0 0
2779000 75 61 0 0
2795000 75 62 0 0
2811000 75 63 0 0
2827000 75 64 0 0
2843000 75 65 0 0
2859000 75 66 0 0
2875000 75 67 0 0
2891000 75 68 0 0
2907000 75 69 0 0
2923000 75 70 0 0
2939000 75 71 0 0
2955000 75 72 0 0
2971000 75 73 0 0
2987000 75 74 0 0
3000000 53 54 0 1
3016000 53 55 0 1
3032000 53 56 0 1
3048000 53 57 0 1
3064000 53 58 0 1
3080000 53 59 0 1
3096000 53 60 0 1
3112000 53 61 0 1
3128000 53 62 0 1
3144000 53 63 0 1
3160000 53 64 0 1
3176000 53 65 0 1
3192000 53 66 0 1
3208000 53 67 0 1
3224000 53 68 0 1
3240000 53 69 0 1
3256000 53 70 0 1
3272000 53 71 0 1
3288000 53 72 0 1
3304000 53 73 0 1
3320000 53 74 0 1
3347000 53 73 0 1
3363000 53 72 0 1
3366000 54 72 0 1
3379000 54 71 0 1
3395000 54 70 0 1
3398000 55 70 0 1
3411000 55 69 0 1
3427000 55 68 0 1
3430000 56 68 0 1
3443000 56 67 0 1
3459000 56 66 0 1
3462000 57 66 0 1
3475000 57 65 0 1
3491000 57 64 0 1
3494000 58 64 0 1
3507000 58 63 0 1
3523000 58 62 0 1
3526000 59 62 0 1
3539000 59 61 0 1
3555000 59 60 0 1
3558000 60 60 0 1
3571000 60 59 0 1
3587000 60 58 0 1
3590000 61 58 0 1
3603000 61 57 0 1
3619000 61 56 0 1
3622000 62 56 0 1
3635000 62 55 0 1
3651000 62 54 0 1
3654000 63 54 0 1
3683000 63 55 0 1
3699000 63 56 0 1
3715000 63 57 0 1
3731000 63 58 0 1
3747000 63 59 0 1
3763000 63 60 0 1
3779000 63 61 0 1
3795000 63 62 0 1
3811000 63 63 0 1
3827000 63 64 0 1
3843000 63 65 0 1
3859000 63 66 0 1
3875000 63 67 0 1
3891000 63 68 0 1
3907000 63 69 0 1
3923000 63 70 0 1
3939000 63 71 0 1
3955000 63 72 0 1
3971000 63 73 0 1
3987000 63 74 0 1
3000000 65 54 0 0
3016000 65 55 0 0
3032000 65 56 0 0
3048000 65 57 0 0
3064000 65 58 0 0
3080000 65 59 0 0
3096000 65 60 0 0
3112000 65 61 0 0
3128000 65 62 0 0
3144000 65 63 0 0
3160000 65 64 0 0
3176000 65 65 0 0
3192000 65 66 0 0
3208000 65 67 0 0
3224000 65 68 0 0
3240000 65 69 0 0
3256000 65 70 0 0
3272000 65 71 0 0
3288000 65 72 0 0
3304000 65 73 0 0
3320000 65 74 0 0
3347000 65 73 0 0
3350000 66 73 0 0
3363000 66 72 0 0
3379000 66 71 0 0
3382000 67 71 0 0
3395000 67 70 0 0
3411000 67 69 0 0
3414000 68 69 0 0
3427000 68 68 0 0
3443000 68 67 0 0
3446000 69 67 0 0
3459000 69 66 0 0
3475000 69 65 0 0
3478000 70 65 0 0
3491000 70 64 0 0
3507000 70 63 0 0
3510000 71 63 0 0
3523000 71 62 0 0
3539000 71 61 0 0
3542000 72 61 0 0
3555000 72 60 0 0
3571000 72 59 0 0
3574000 73 59 0 0
3587000 73 58 0 0
3603000 73 57 0 0
3606000 74 57 0 0
3619000 74 56 0 0
3635000 74 55 0 0
3638000 75 55 0 0
3651000 75 54 0 0
3683000 75 55 0 0
3699000 75 56 0 0
3715000 75 57 0 0
3731000 75 58 0 0
3747000 75 59 0 0
3763000 75 60 0 0
3779000 75 61 0 0
3795000 75 62 0 0
3811000 75 63 0 0
3827000 75 64 0 0
3843000 75 65 0 0
3859000 75 66 0 0
3875000 75 67 0 0
3891000 75 68 0 0
3907000 75 69 0 0
3923000 75 70 0 0
3939000 75 71 0 0
3955000 75 72 0 0
3971000 75 73 0 0
3987000 75 74 0 0
4000000 53 54 0 1
4016000 53 55 0 1
4032000 53 56 0 1
4048000 53 57 0 1
4064000 53 58 0 1
4080000 53 59 0 1
4096000 53 60 0 1
4112000 53 61 0 1
4128000 53 62 0 1
4144000 53 63 0 1
4160000 53 64 0 1
4176000 53 65 0 1
4192000 53 66 0 1
4208000 53 67 0 1
4224000 53 68 0 1
4240000 53 69 0 1
4256000 53 70 0 1
4272000 53 71 0 1
4288000 53 72 0 1
4304000 53 73 0 1
4320000 53 74 0 1
4347000 53 73 0 1
4363000 53 72 0 1
4366000 54 72 0 1
4379000 54 71 0 1
4395000 54 70 0 1
4398000 55 70 0 1
4411000 55 69 0 1
4427000 55 68 0 1
4430000 56 68 0 1
4443000 56 67 0 1
4459000 56 66 0 1
4462000 57 66 0 1
4475000 57 65 0 1
4491000 57 64 0 1
4494000 58 64 0 1
4507000 58 63 0 1
4523000 58 62 0 1
4526000 59 62 0 1
4539000 59 61 0 1
4555000 59 60 0 1
4558000 60 60 0 1
4571000 60 59 0 1
4587000 60 58 0 1
4590000 61 58 0 1
4603000 61 57 0 1
4619000 61 56 0 1
4622000 62 56 0 1
4635000 62 55 0 1
4651000 62 54 0 1
4654000 63 54 0 1
4683000 63 55 0 1
4699000 63 56 0 1
4715000 63 57 0 1
4731000 63 58 0 1
4747000 63 59 0 1
4763000 63 60 0 1
4779000 63 61 0 1
4795000 63 62 0 1
4811000 63 63 0 1
4827000 63 64 0 1
4843000 63 65 0 1
4859000 63 66 0 1
4875000 63 67 0 1
4891000 63 68 0 1
4907000 63 69 0 1
4923000 63 70 0 1
4939000 63 71 0 1
4955000 63 72 0 1
4971000 63 73 0 1
4987000 63 74 0 1
4000000 65 54 0 0
4016000 65 55 0 0
4032000 65 56 0 0
4048000 65 57 0 0
4064000 65 58 0 0
4080000 65 59 0 0
4096000 65 60 0 0
4112000 65 61 0 0
4128000 65 62 0 0
4144000 65 63 0 0
4160000 65 64 0 0
4176000 65 65 0 0
4192000 65 66 0 0
4208000 65 67 0 0
4224000 65 68 0 0
4240000 65 69 0 0
4256000 65 70 0 0
4272000 65 71 0 0
4288000 65 72 0 0
4304000 65 73 0 0
4320000 65 74 0 0
4347000 65 73 0 0
4350000 66 73 0 0
4363000 66 72 0 0
4379000 66 71 0 0
4382000 67 71 0 0
4395000 67 70 0 0
4411000 67 69 0 0
4414000 68 69 0 0
4427000 68 68 0 0
4443000 68 67 0 0
4446000 69 67 0 0
4459000 69 66 0 0
4475000 69 65 0 0
4478000 70 65 0 0
4491000 70 64 0 0
4507000 70 63 0 0
4510000 71 63 0 0
4523000 71 62 0 0
4539000 71 61 0 0
4542000 72 61 0 0
4555000 72 60 0 0
4571000 72 59 0 0
4574000 73 59 0 0
4587000 73 58 0 0
4603000 73 57 0 0
4606000 74 57 0 0
4619000 74 56 0 0
4635000 74 55 0 0
4638000 75 55 0 0
4651000 75 54 0 0
4683000 75 55 0 0
4699000 75 56 0 0
4715000 75 57 0 0
4731000 75 58 0 0
4747000 75 59 0 0
4763000 75 60 0 0
4779000 75 61 0 0
4795000 75 62 0 0
4811000 75 63 0 0
4827000 75 64 0 0
4843000 75 65 0 0
4859000 75 66 0 0
4875000 75 67 0 0
4891000 75 68 0 0
4907000 75 69 0 0
4923000 75 70 0 0
4939000 75 71 0 0
4955000 75 72 0 0
4971000 75 73 0 0
4987000 75 74 0 0
5000000 53 54 0 1
5016000 53 55 0 1
5032000 53 56 0 1
5048000 53 57 0 1
5064000 53 58 0 1
5080000 53 59 0 1
5096000 53 60 0 1
5112000 53 61 0 1
5128000 53 62 0 1
5144000 53 63 0 1
5160000 53 64 0 1
5176000 53 65 0 1
5192000 53 66 0 1
5208000 53 67 0 1
5224000 53 68 0 1
5240000 53 69 0 1
5256000 53 70 0 1
5272000 53 71 0 1
5288000 53 72 0 1
5304000 53 73 0 1
5320000 53 74 0 1
5347000 53 73 0 1
5363000 53 72 0 1
5366000 54 72 0 1
5379000 54 71 0 1
5395000 54 70 0 1
5398000 55 70 0 1
5411000 55 69 0 1
5427000 55 68 0 1
5430000 56 68 0 1
5443000 56 67 0 1
5459000 56 66 0 1
5462000 57 66 0 1
5475000 57 65 0 1
5491000 57 64 0 1
5494000 58 64 0 1
5507000 58 63 0 1
5523000 58 62 0 1
5526000 59 62 0 1
5539000 59 61 0 1
5555000 59 60 0 1
5558000 60 60 0 1
5571000 60 59 0 1
5587000 60 58 0 1
5590000 61 58 0 1
5603000 61 57 0 1
5619000 61 56 0 1
5622000 62 56 0 1
5635000 62 55 0 1
5651000 62 54 0 1
5654000 63 54 0 1
5683000 63 55 0 1
5699000 63 56 0 1
5715000 63 57 0 1
5731000 63 58 0 1
5747000 63 59 0 1
5763000 63 60 0 1
5779000 63 61 0 1
5795000 63 62 0 1
5811000 63 63 0 1
5827000 63 64 0 1
5843000 63 65 0 1
5859000 63 66 0 1
5875000 63 67 0 1
5891000 63 68 0 1
5907000 63 69 0 1
5923000 63 70 0 1
5939000 63 71 0 1
5955000 63 72 0 1
5971000 63 73 0 1
5987000 63 74 0 1
5000000 65 54 0 0
5016000 65 55 0 0
5032000 65 56 0 0
5048000 65 57 0 0
5064000 65 58 0 0
5080000 65 59 0 0
5096000 65 60 0 0
5112000 65 61 0 0
5128000 65 62 0 0
5144000 65 63 0 0
5160000 65 64 0 0
5176000 65 65 0 0
5192000 65 66 0 0
5208000 65 67 0 0
5224000 65 68 0 0
5240000 65 69 0 0
5256000 65 70 0 0
5272000 65 71 0 0
5288000 65 72 0 0
5304000 65 73 0 0
5320000 65 74 0 0
5347000 65 73 0 0
5350000 66 73 0 0
5363000 66 72 0 0
5379000 66 71 0 0
5382000 67 71 0 0
5395000 67 70 0 0
5411000 67 69 0 0
5414000 68 69 0 0
5427000 68 68 0 0
5443000 68 67 0 0
5446000 69 67 0 0
5459000 69 66 0 0
5475000 69 65 0 0
5478000 70 65 0 0
5491000 70 64 0 0
5507000 70 63 0 0
5510000 71 63 0 0
5523000 71 62 0 0
5539000 71 61 0 0
5542000 72 61 0 0
5555000 72 60 0 0
5571000 72 59 0 0
5574000 73 59 0 0
5587000 73 58 0 0
5603000 73 57 0 0
5606000 74 57 0 0
5619000 74 56 0 0
5635000 74 55 0 0
5638000 75 55 0 0
5651000 75 54 0 0
5683000 75 55 0 0
5699000 75 56 0 0
5715000 75 57 0 0
5731000 75 58 0 0
5747000 75 59 0 0
5763000 75 60 0 0
5779000 75 61 0 0
5795000 75 62 0 0
5811000 75 63 0 0
5827000 75 64 0 0
5843000 75 65 0 0
5859000 75 66 0 0
5875000 75 67 0 0
5891000 75 68 0 0
5907000 75 69 0 0
5923000 75 70 0 0
5939000 75 71 0 0
5955000 75 72 0 0
5971000 75 73 0 0
5987000 75 74 0 0
6000000 53 54 0 1
6016000 53 55 0 1
6032000 53 56 0 1
6048000 53 57 0 1
6064000 53 58 0 1
6080000 53 59 0 1
6096000 53 60 0 1
6112000 53 61 0 1
6128000 53 62 0 1
6144000 53 63 0 1
6160000 53 64 0 1
6176000 53 65 0 1
6192000 53 66 0 1
6208000 53 67 0 1
6224000 53 68 0 1
6240000 53 69 0 1
6256000 53 70 0 1
6272000 53 71 0 1
6288000 53 72 0 1
6304000 53 73 0 1
6320000 53 74 0 1
6347000 53 73 0 1
6363000 53 72 0 1
6366000 54 72 0 1
6379000 54 71 0 1
6395000 54 70 0 1
6398000 55 70 0 1
6411000 55 69 0 1
6427000 55 68 0 1
6430000 56 68 0 1
6443000 56 67 0 1
6459000 56 66 0 1
6462000 57 66 0 1
6475000 57 65 0 1
6491000 57 64 0 1
6494000 58 64 0 1
6507000 58 63 0 1
6523000 58 62 0 1
6526000 59 62 0 1
6539000 59 61 0 1
6555000 59 60 0 1
6558000 60 60 0 1
6571000 60 59 0 1
6587000 60 58 0 1
6590000 61 58 0 1
6603000 61 57 0 1
6619000 61 56 0 1
6622000 62 56 0 1
6635000 62 55 0 1
6651000 62 54 0 1
6654000 63 54 0 1
6683000 63 55 0 1
6699000 63 56 0 1
6715000 63 57 0 1
6731000 63 58 0 1
6747000 63 59 0 1
6763000 63 60 0 1
6779000 63 61 0 1
6795000 63 62 0 1
6811000 63 63 0 1
6827000 63 64 0 1
6843000 63 65 0 1
6859000 63 66 0 1
6875000 63 67 0 1
6891000 63 68 0 1
6907000 63 69 0 1
6923000 63 70 0 1
6939000 63 71 0 1
6955000 63 72 0 1
6971000 63 73 0 1
6987000 63 74 0 1
6000000 65 54 0 0
6016000 65 55 0 0
6032000 65 56 0 0
6048000 65 57 0 0
6064000 65 58 0 0
6080000 65 59 0 0
6096000 65 60 0 0
6112000 65 61 0 0
6128000 65 62 0 0
6144000 65 63 0 0
6160000 65 64 0 0
6176000 65 65 0 0
6192000 65 66 0 0
6208000 65 67 0 0
6224000 65 68 0 0
6240000 65 69 0 0
6256000 65 70 0 0
6272000 65 71 0 0
6288000 65 72 0 0
6304000 65 73 0 0
6320000 65 74 0 0
6347000 65 73 0 0
6350000 66 73 0 0
6363000 66 72 0 0
6379000 66 71 0 0
6382000 67 71 0 0
6395000 67 70 0 0
6411000 67 69 0 0
6414000 68 69 0 0
6427000 68 68 0 0
6443000 68 67 0 0
6446000 69 67 0 0
6459000 69 66 0 0
6475000 69 65 0 0
6478000 70 65 0 0
6491000 70 64 0 0
6507000 70 63 0 0
6510000 71 63 0 0
6523000 71 62 0 0
6539000 71 61 0 0
6542000 72 61 0 0
6555000 72 60 0 0
6571000 72 59 0 0
6574000 73 59 0 0
6587000 73 58 0 0
6603000 73 57 0 0
6606000 74 57 0 0
6619000 74 56 0 0
6635000 74 55 0 0
6638000 75 55 0 0
6651000 75 54 0 0
6683000 75 55 0 0
6699000 75 56 0 0
6715000 75 57 0 0
6731000 75 58 0 0
6747000 75 59 0 0
6763000 75 60 0 0
6779000 75 61 0 0
6795000 75 62 0 0
6811000 75 63 0 0
6827000 75 64 0 0
6843000 75 65 0 0
6859000 75 66 0 0
6875000 75 67 0 0
6891000 75 68 0 0
6907000 75 69 0 0
6923000 75 70 0 0
6939000 75 71 0 0
6955000 75 72 0 0
6971000 75 73 0 0
6987000 75 74 0 0
7000000 53 54 0 1
7016000 53 55 0 1
7032000 53 56 0 1
7048000 53 57 0 1
7064000 53 58 0 1
7080000 53 59 0 1
7096000 53 60 0 1
7112000 53 61 0 1
7128000 53 62 0 1
7144000 53 63 0 1
7160000 53 64 0 1
7176000 53 65 0 1
7192000 53 66 0 1
7208000 53 67 0 1
7224000 53 68 0 1
7240000 53 69 0 1
7256000 53 70 0 1
7272000 53 71 0 1
7288000 53 72 0 1
7304000 53 73 0 1
7320000 53 74 0 1
7347000 53 73 0 1
7363000 53 72 0 1
7366000 54 72 0 1
7379000 54 71 0 1
7395000 54 70 0 1
7398000 55 70 0 1
7411000 55 69 0 1
7427000 55 68 0 1
7430000 56 68 0 1
7443000 56 67 0 1
7459000 56 66 0 1
7462000 57 66 0 1
7475000 57 65 0 1
7491000 57 64 0 1
7494000 58 64 0 1
7507000 58 63 0 1
7523000 58 62 0 1
7526000 59 62 0 1
7539000 59 61 0 1
7555000 59 60 0 1
7558000 60 60 0 1
7571000 60 59 0 1
7587000 60 58 0 1
7590000 61 58 0 1
7603000 61 57 0 1
7619000 61 56 0 1
7622000 62 56 0 1
7635000 62 55 0 1
7651000 62 54 0 1
7654000 63 54 0 1
7683000 63 55 0 1
7699000 63 56 0 1
7715000 63 57 0 1
7731000 63 58 0 1
7747000 63 59 0 1
7763000 63 60 0 1
7779000 63 61 0 1
7795000 63 62 0 1
7811000 63 63 0 1
7827000 63 64 0 1
7843000 63 65 0 1
7859000 63 66 0 1
7875000 63 67 0 1
7891000 63 68 0 1
7907000 63 69 0 1
7923000 63 70 0 1
7939000 63 71 0 1
7955000 63 72 0 1
7971000 63 73 0 1
7987000 63 74 0 1
7000000 65 54 0 0
7016000 65 55 0 0
7032000 65 56 0 0
7048000 65 57 0 0
7064000 65 58 0 0
7080000 65 59 0 0
7096000 65 60 0 0
7112000 65 61 0 0
7128000 65 62 0 0
7144000 65 63 0 0
7160000 65 64 0 0
7176000 65 65 0 0
7192000 65 66 0 0
7208000 65 67 0 0
7224000 65 68 0 0
7240000 65 69 0 0
7256000 65 70 0 0
7272000 65 71 0 0
7288000 65 72 0 0
7304000 65 73 0 0
7320000 65 74 0 0
7347000 65 73 0 0
7350000 66 73 0 0
7363000 66 72 0 0
7379000 66 71 0 0
7382000 67 71 0 0
7395000 67 70 0 0
7411000 67 69 0 0
7414000 68 69 0 0
7427000 68 68 0 0
7443000 68 67 0 0
7446000 69 67 0 0
7459000 69 66 0 0
7475000 69 65 0 0
7478000 70 65 0 0
7491000 70 64 0 0
7507000 70 63 0 0
7510000 71 63 0 0
7523000 71 62 0 0
7539000 71 61 0 0
7542000 72 61 0 0
7555000 72 60 0 0
7571000 72 59 0 0
7574000 73 59 0 0
7587000 73 58 0 0
7603000 73 57 0 0
7606000 74 57 0 0
7619000 74 56 0 0
7635000 74 55 0 0
7638000 75 55 0 0
7651000 75 54 0 0
7683000 75 55 0 0
7699000 75 56 0 0
7715000 75 57 0 0
7731000 75 58 0 0
7747000 75 59 0 0
7763000 75 60 0 0
7779000 75 61 0 0
7795000 75 62 0 0
7811000 75 63 0 0
7827000 75 64 0 0
7843000 75 65 0 0
7859000 75 66 0 0
7875000 75 67 0 0
7891000 75 68 0 0
7907000 75 69 0 0
7923000 75 70 0 0
7939000 75 71 0 0
7955000 75 72 0 0
7971000 75 73 0 0
7987000 75 74 0 0
8000000 53 54 0 1
8016000 53 55 0 1
8032000 53 56 0 1
8048000 53 57 0 1
8064000 53 58 0 1
8080000 53 59 0 1
8096000 53 60 0 1
8112000 53 61 0 1
8128000 53 62 0 1
8144000 53 63 0 1
8160000 53 64 0 1
8176000 53 65 0 1
8192000 53 66 0 1
8208000 53 67 0 1
8224000 53 68 0 1
8240000 53 69 0 1
8256000 53 70 0 1
8272000 53 71 0 1
8288000 53 72 0 1
8304000 53 73 0 1
8320000 53 74 0 1
8347000 53 73 0 1
8363000 53 72 0 1
8366000 54 72 0 1
8379000 54 71 0 1
8395000 54 70 0 1
8398000 55 70 0 1
8411000 55 69 0 1
8427000 55 68 0 1
8430000 56 68 0 1
8443000 56 67 0 1
8459000 56 66 0 1
8462000 57 66 0 1
8475000 57 65 0 1
8491000 57 64 0 1
8494000 58 64 0 1
8507000 58 63 0 1
8523000 58 62 0 1
8526000 59 62 0 1
8539000 59 61 0 1
8555000 59 60 0 1
8558000 60 60 0 1
8571000 60 59 0 1
8587000 60 58 0 1
8590000 61 58 0 1
8603000 61 57 0 1
8619000 61 56 0 1
8622000 62 56 0 1
8635000 62 55 0 1
8651000 62 54 0 1
8654000 63 54 0 1
8683000 63 55 0 1
8699000 63 56 0 1
8715000 63 57 0 1
8731000 63 58 0 1
8747000 63 59 0 1
8763000 63 60 0 1
8779000 63 61 0 1
8795000 63 62 0 1
8811000 63 63 0 1
8827000 63 64 0 1
8843000 63 65 0 1
8859000 63 66 0 1
8875000 63 67 0 1
8891000 63 68 0 1
8907000 63 69 0 1
8923000 63 70 0 1
8939000 63 71 0 1
8955000 63 72 0 1
8971000 63 73 0 1
8987000 63 74 0 1
8000000 65 54 0 0
8016000 65 55 0 0
8032000 65 56 0 0
8048000 65 57 0 0
8064000 65 58 0 0
8080000 65 59 0 0
8096000 65 60 0 0
8112000 65 61 0 0
8128000 65 62 0 0
8144000 65 63 0 0
8160000 65 64 0 0
8176000 65 65 0 0
8192000 65 66 0 0
8208000 65 67 0 0
8224000 65 68 0 0
8240000 65 69 0 0
8256000 65 70 0 0
8272000 65 71 0 0
8288000 65 72 0 0
8304000 65 73 0 0
8320000 65 74 0 0
8347000 65 73 0 0
8350000 66 73 0 0
8363000 66 72 0 0
8379000 66 71 0 0
8382000 67 71 0 0
8395000 67 70 0 0
8411000 67 69 0 0
8414000 68 69 0 0
8427000 68 68 0 0
8443000 68 67 0 0
8446000 69 67 0 0
8459000 69 66 0 0
8475000 69 65 0 0
8478000 70 65 0 0
8491000 70 64 0 0
8507000 70 63 0 0
8510000 71 63 0 0
8523000 71 62 0 0
8539000 71 61 0 0
8542000 72 61 0 0
8555000 72 60 0 0
8571000 72 59 0 0
8574000 73 59 0 0
8587000 73 58 0 0
8603000 73 57 0 0
8606000 74 57 0 0
8619000 74 56 0 0
8635000 74 55 0 0
8638000 75 55 0 0
8651000 75 54 0 0
8683000 75 55 0 0
8699000 75 56 0 0
8715000 75 57 0 0
8731000 75 58 0 0
8747000 75 59 0 0
8763000 75 60 0 0
8779000 75 61 0 0
8795000 75 62 0 0
8811000 75 63 0 0
8827000 75 64 0 0
8843000 75 65 0 0
8859000 75 66 0 0
8875000 75 67 0 0
8891000 75 68 0 0
8907000 75 69 0 0
8923000 75 70 0 0
8939000 75 71 0 0
8955000 75 72 0 0
8971000 75 73 0 0
8987000 75 74 0 0
9000000 53 54 0 1
9016000 53 55 0 1
9032000 53 56 0 1
9048000 53 57 0 1
9064000 53 58 0 1
9080000 53 59 0 1
9096000 53 60 0 1
9112000 53 61 0 1
9128000 53 62 0 1
9144000 53 63 0 1
9160000 53 64 0 1
9176000 53 65 0 1
9192000 53 66 0 1
9208000 53 67 0 1
9224000 53 68 0 1
9240000 53 69 0 1
9256000 53 70 0 1
9272000 53 71 0 1
9288000 53 72 0 1
9304000 53 73 0 1
9320000 53 74 0 1
9347000 53 73 0 1
9363000 53 72 0 1
9366000 54 72 0 1
9379000 54 71 0 1
9395000 54 70 0 1
9398000 55 70 0 1
9411000 55 69 0 1
9427000 55 68 0 1
9430000 56 68 0 1
9443000 56 67 0 1
9459000 56 66 0 1
9462000 57 66 0 1
9475000 57 65 0 1
9491000 57 64 0 1
9494000 58 64 0 1
9507000 58 63 0 1
9523000 58 62 0 1
9526000 59 62 0 1
9539000 59 61 0 1
9555000 59 60 0 1
9558000 60 60 0 1
9571000 60 59 0 1
9587000 60 58 0 1
9590000 61 58 0 1
9603000 61 57 0 1
9619000 61 56 0 1
9622000 62 56 0 1
9635000 62 55 0 1
9651000 62 54 0 1
9654000 63 54 0 1
9683000 63 55 0 1
9699000 63 56 0 1
9715000 63 57 0 1
9731000 63 58 0 1
9747000 63 59 0 1
9763000 63 60 0 1
9779000 63 61 0 1
9795000 63 62 0 1
9811000 63 63 0 1
9827000 63 64 0 1
9843000 63 65 0 1
9859000 63 66 0 1
9875000 63 67 0 1
9891000 63 68 0 1
9907000 63 69 0 1
9923000 63 70 0 1
9939000 63 71 0 1
9955000 63 72 0 1
9971000 63 73 0 1
9987000 63 74 0 1
9000000 65 54 0 0
9016000 65 55 0 0
9032000 65 56 0 0
9048000 65 57 0 0
9064000 65 58 0 0
9080000 65 59 0 0
9096000 65 60 0 0
9112000 65 61 0 0
9128000 65 62 0 0
9144000 65 63 0 0
9160000 65 64 0 0
9176000 65 65 0 0
9192000 65 66 0 0
9208000 65 67 0 0
9224000 65 68 0 0
9240000 65 69 0 0
9256000 65 70 0 0
9272000 65 71 0 0
9288000 65 72 0 0
9304000 65 73 0 0
9320000 65 74 0 0
9347000 65 73 0 0
9350000 66 73 0 0
9363000 66 72 0 0
9379000 66 71 0 0
9382000 67 71 0 0
9395000 67 70 0 0
9411000 67 69 0 0
9414000 68 69 0 0
9427000 68 68 0 0
9443000 68 67 0 0
9446000 69 67 0 0
9459000 69 66 0 0
9475000 69 65 0 0
9478000 70 65 0 0
9491000 70 64 0 0
9507000 70 63 0 0
9510000 71 63 0 0
9523000 71 62 0 0
9539000 71 61 0 0
9542000 72 61 0 0
9555000 72 60 0 0
9571000 72 59 0 0
9574000 73 59 0 0
9587000 73 58 0 0
9603000 73 57 0 0
9606000 74 57 0 0
9619000 74 56 0 0
9635000 74 55 0 0
9638000 75 55 0 0
9651000 75 54 0 0
9683000 75 55 0 0
9699000 75 56 0 0
9715000 75 57 0 0
9731000 75 58 0 0
9747000 75 59 0 0
9763000 75 60 0 0
9779000 75 61 0 0
9795000 75 62 0 0
9811000 75 63 0 0
9827000 75 64 0 0
9843000 75 65 0 0
9859000 75 66 0 0
9875000 75 67 0 0
9891000 75 68 0 0
9907000 75 69 0 0
9923000 75 70 0 0
9939000 75 71 0 0
9955000 75 72 0 0
9971000 75 73 0 0
9987000 75 74 0 0
