0 45 54 0 1
0 57 54 0 0
10 58 58 0 1
10 67 58 0 0
50 72 59 0 1
50 75 59 0 0
1010 59 58 0 1
16000 45 55 0 1
16000 57 55 0 0
21050 72 60 0 1
21050 75 60 0 0
32000 45 56 0 1
32000 57 56 0 0
48000 45 57 0 1
48000 57 57 0 0
53010 68 58 0 0
64000 45 58 0 1
64000 57 58 0 0
68010 60 58 0 1
69050 72 61 0 1
69050 75 61 0 0
72010 60 59 0 1
72010 68 59 0 0
80000 45 59 0 1
80000 57 59 0 0
94010 69 59 0 0
96000 45 60 0 1
96000 57 60 0 0
105010 61 59 0 1
112000 45 61 0 1
112000 57 61 0 0
117050 72 62 0 1
117050 75 62 0 0
127010 70 59 0 0
128000 45 62 0 1
128000 57 62 0 0
137010 62 59 0 1
144000 45 63 0 1
144000 57 63 0 0
144010 62 60 0 1
144010 70 60 0 0
156010 71 60 0 0
160000 45 64 0 1
160000 57 64 0 0
165050 72 63 0 1
165050 75 63 0 0
166010 63 60 0 1
176000 45 65 0 1
176000 57 65 0 0
186010 72 60 0 0
192000 45 66 0 1
192000 57 66 0 0
196010 64 60 0 1
208000 45 67 0 1
208000 57 67 0 0
213050 72 64 0 1
213050 75 64 0 0
216010 64 61 0 1
216010 72 61 0 0
217010 73 61 0 0
224000 45 68 0 1
224000 57 68 0 0
229010 65 61 0 1
240000 45 69 0 1
240000 57 69 0 0
255010 74 61 0 0
256000 45 70 0 1
256000 57 70 0 0
261050 72 65 0 1
261050 75 65 0 0
270010 66 61 0 1
272000 45 71 0 1
272000 57 71 0 0
288000 45 72 0 1
288000 57 72 0 0
288010 66 62 0 1
288010 74 62 0 0
304000 45 73 0 1
304000 57 73 0 0
309050 72 66 0 1
309050 75 66 0 0
320000 45 74 0 1
320000 57 74 0 0
322010 75 62 0 0
347000 45 73 0 1
347000 57 73 0 0
350000 58 73 0 0
357050 72 67 0 1
357050 75 67 0 0
360010 66 63 0 1
360010 74 63 0 0
363000 45 72 0 1
363000 58 72 0 0
366000 46 72 0 1
379000 46 71 0 1
379000 58 71 0 0
382000 59 71 0 0
395000 46 70 0 1
395000 59 70 0 0
398000 47 70 0 1
405050 72 68 0 1
405050 75 68 0 0
411000 47 69 0 1
411000 59 69 0 0
412010 65 63 0 1
414000 60 69 0 0
427000 47 68 0 1
427000 60 68 0 0
427010 73 63 0 0
430000 48 68 0 1
432010 65 64 0 1
432010 73 64 0 0
443000 48 67 0 1
443000 60 67 0 0
446000 61 67 0 0
453010 64 64 0 1
453050 72 69 0 1
453050 75 69 0 0
459000 48 66 0 1
459000 61 66 0 0
462000 49 66 0 1
464010 72 64 0 0
475000 49 65 0 1
475000 61 65 0 0
478000 62 65 0 0
486010 63 64 0 1
491000 49 64 0 1
491000 62 64 0 0
494000 50 64 0 1
496010 71 64 0 0
500050 67 69 0 1
500050 70 69 0 0
504010 63 65 0 1
504010 71 65 0 0
507000 50 63 0 1
507000 62 63 0 0
510000 63 63 0 0
516010 62 65 0 1
516050 71 69 0 0
522050 68 69 0 1
523000 50 62 0 1
523000 63 62 0 0
525010 70 65 0 0
526000 51 62 0 1
539000 51 61 0 1
539000 63 61 0 0
542000 64 61 0 0
545010 61 65 0 1
555000 51 60 0 1
555000 64 60 0 0
555010 69 65 0 0
558000 52 60 0 1
564050 72 69 0 0
570050 69 69 0 1
571000 52 59 0 1
571000 64 59 0 0
574000 65 59 0 0
576010 61 66 0 1
576010 69 66 0 0
577010 60 66 0 1
587000 52 58 0 1
587000 65 58 0 0
588010 68 66 0 0
590000 53 58 0 1
603000 53 57 0 1
603000 65 57 0 0
606000 66 57 0 0
612050 73 69 0 0
614010 59 66 0 1
618050 70 69 0 1
619000 53 56 0 1
619000 66 56 0 0
622000 54 56 0 1
629010 67 66 0 0
635000 54 55 0 1
635000 66 55 0 0
638000 67 55 0 0
648010 59 67 0 1
648010 67 67 0 0
651000 54 54 0 1
651000 67 54 0 0
654000 55 54 0 1
660050 74 69 0 0
666050 71 69 0 1
681010 58 67 0 1
683000 55 55 0 1
683000 67 55 0 0
699000 55 56 0 1
699000 67 56 0 0
708050 75 69 0 0
714050 72 69 0 1
715000 55 57 0 1
715000 67 57 0 0
719010 59 67 0 1
720010 59 68 0 1
720010 67 68 0 0
731000 55 58 0 1
731000 67 58 0 0
747000 55 59 0 1
747000 67 59 0 0
756050 76 69 0 0
762050 73 69 0 1
763000 55 60 0 1
763000 67 60 0 0
771010 68 68 0 0
779000 55 61 0 1
779000 67 61 0 0
786010 60 68 0 1
792010 60 69 0 1
792010 68 69 0 0
795000 55 62 0 1
795000 67 62 0 0
804050 77 69 0 0
810050 74 69 0 1
811000 55 63 0 1
811000 67 63 0 0
812010 69 69 0 0
823010 61 69 0 1
827000 55 64 0 1
827000 67 64 0 0
843000 55 65 0 1
843000 67 65 0 0
845010 70 69 0 0
852050 78 69 0 0
855010 62 69 0 1
858050 75 69 0 1
859000 55 66 0 1
859000 67 66 0 0
864010 62 70 0 1
864010 70 70 0 0
875000 55 67 0 1
875000 67 67 0 0
875010 71 70 0 0
884010 63 70 0 1
891000 55 68 0 1
891000 67 68 0 0
900050 79 69 0 0
904010 72 70 0 0
906050 76 69 0 1
907000 55 69 0 1
907000 67 69 0 0
914010 64 70 0 1
923000 55 70 0 1
923000 67 70 0 0
936010 64 71 0 1
936010 73 71 0 0
939000 55 71 0 1
939000 67 71 0 0
947010 65 71 0 1
948050 80 69 0 0
954050 77 69 0 1
955000 55 72 0 1
955000 67 72 0 0
971000 55 73 0 1
971000 67 73 0 0
973010 74 71 0 0
987000 55 74 0 1
987000 67 74 0 0
988010 66 71 0 1
996050 81 69 0 0
1000000 45 54 0 1
1000000 57 54 0 0
1000010 58 58 0 1
1000010 67 58 0 0
1000050 72 59 0 1
1000050 75 59 0 0
1001010 59 58 0 1
1016000 45 55 0 1
1016000 57 55 0 0
1021050 72 60 0 1
1021050 75 60 0 0
1032000 45 56 0 1
1032000 57 56 0 0
1048000 45 57 0 1
1048000 57 57 0 0
1053010 68 58 0 0
1064000 45 58 0 1
1064000 57 58 0 0
1068010 60 58 0 1
1069050 72 61 0 1
1069050 75 61 0 0
1072010 60 59 0 1
1072010 68 59 0 0
1080000 45 59 0 1
1080000 57 59 0 0
1094010 69 59 0 0
1096000 45 60 0 1
1096000 57 60 0 0
1105010 61 59 0 1
1112000 45 61 0 1
1112000 57 61 0 0
1117050 72 62 0 1
1117050 75 62 0 0
1127010 70 59 0 0
1128000 45 62 0 1
1128000 57 62 0 0
1137010 62 59 0 1
1144000 45 63 0 1
1144000 57 63 0 0
1144010 62 60 0 1
1144010 70 60 0 0
1156010 71 60 0 0
1160000 45 64 0 1
1160000 57 64 0 0
1165050 72 63 0 1
1165050 75 63 0 0
1166010 63 60 0 1
1176000 45 65 0 1
1176000 57 65 0 0
1186010 72 60 0 0
1192000 45 66 0 1
1192000 57 66 0 0
1196010 64 60 0 1
1208000 45 67 0 1
1208000 57 67 0 0
1213050 72 64 0 1
1213050 75 64 0 0
1216010 64 61 0 1
1216010 72 61 0 0
1217010 73 61 0 0
1224000 45 68 0 1
1224000 57 68 0 0
1229010 65 61 0 1
1240000 45 69 0 1
1240000 57 69 0 0
1255010 74 61 0 0
1256000 45 70 0 1
1256000 57 70 0 0
1261050 72 65 0 1
1261050 75 65 0 0
1270010 66 61 0 1
1272000 45 71 0 1
1272000 57 71 0 0
1288000 45 72 0 1
1288000 57 72 0 0
1288010 66 62 0 1
1288010 74 62 0 0
1304000 45 73 0 1
1304000 57 73 0 0
1309050 72 66 0 1
1309050 75 66 0 0
1320000 45 74 0 1
1320000 57 74 0 0
1322010 75 62 0 0
1347000 45 73 0 1
1347000 57 73 0 0
1350000 58 73 0 0
1357050 72 67 0 1
1357050 75 67 0 0
1360010 66 63 0 1
1360010 74 63 0 0
1363000 45 72 0 1
1363000 58 72 0 0
1366000 46 72 0 1
1379000 46 71 0 1
1379000 58 71 0 0
1382000 59 71 0 0
1395000 46 70 0 1
1395000 59 70 0 0
1398000 47 70 0 1
1405050 72 68 0 1
1405050 75 68 0 0
1411000 47 69 0 1
1411000 59 69 0 0
1412010 65 63 0 1
1414000 60 69 0 0
1427000 47 68 0 1
1427000 60 68 0 0
1427010 73 63 0 0
1430000 48 68 0 1
1432010 65 64 0 1
1432010 73 64 0 0
1443000 48 67 0 1
1443000 60 67 0 0
1446000 61 67 0 0
1453010 64 64 0 1
1453050 72 69 0 1
1453050 75 69 0 0
1459000 48 66 0 1
1459000 61 66 0 0
1462000 49 66 0 1
1464010 72 64 0 0
1475000 49 65 0 1
1475000 61 65 0 0
1478000 62 65 0 0
1486010 63 64 0 1
1491000 49 64 0 1
1491000 62 64 0 0
1494000 50 64 0 1
1496010 71 64 0 0
1500050 67 69 0 1
1500050 70 69 0 0
1504010 63 65 0 1
1504010 71 65 0 0
1507000 50 63 0 1
1507000 62 63 0 0
1510000 63 63 0 0
1516010 62 65 0 1
1516050 71 69 0 0
1522050 68 69 0 1
1523000 50 62 0 1
1523000 63 62 0 0
1525010 70 65 0 0
1526000 51 62 0 1
1539000 51 61 0 1
1539000 63 61 0 0
1542000 64 61 0 0
1545010 61 65 0 1
1555000 51 60 0 1
1555000 64 60 0 0
1555010 69 65 0 0
1558000 52 60 0 1
1564050 72 69 0 0
1570050 69 69 0 1
1571000 52 59 0 1
1571000 64 59 0 0
1574000 65 59 0 0
1576010 61 66 0 1
1576010 69 66 0 0
1577010 60 66 0 1
1587000 52 58 0 1
1587000 65 58 0 0
1588010 68 66 0 0
1590000 53 58 0 1
1603000 53 57 0 1
1603000 65 57 0 0
1606000 66 57 0 0
1612050 73 69 0 0
1614010 59 66 0 1
1618050 70 69 0 1
1619000 53 56 0 1
1619000 66 56 0 0
1622000 54 56 0 1
1629010 67 66 0 0
1635000 54 55 0 1
1635000 66 55 0 0
1638000 67 55 0 0
1648010 59 67 0 1
1648010 67 67 0 0
1651000 54 54 0 1
1651000 67 54 0 0
1654000 55 54 0 1
1660050 74 69 0 0
1666050 71 69 0 1
1681010 58 67 0 1
1683000 55 55 0 1
1683000 67 55 0 0
1699000 55 56 0 1
1699000 67 56 0 0
1708050 75 69 0 0
1714050 72 69 0 1
1715000 55 57 0 1
1715000 67 57 0 0
1719010 59 67 0 1
1720010 59 68 0 1
1720010 67 68 0 0
1731000 55 58 0 1
1731000 67 58 0 0
1747000 55 59 0 1
1747000 67 59 0 0
1756050 76 69 0 0
1762050 73 69 0 1
1763000 55 60 0 1
1763000 67 60 0 0
1771010 68 68 0 0
1779000 55 61 0 1
1779000 67 61 0 0
1786010 60 68 0 1
1792010 60 69 0 1
1792010 68 69 0 0
1795000 55 62 0 1
1795000 67 62 0 0
1804050 77 69 0 0
1810050 74 69 0 1
1811000 55 63 0 1
1811000 67 63 0 0
1812010 69 69 0 0
1823010 61 69 0 1
1827000 55 64 0 1
1827000 67 64 0 0
1843000 55 65 0 1
1843000 67 65 0 0
1845010 70 69 0 0
1852050 78 69 0 0
1855010 62 69 0 1
1858050 75 69 0 1
1859000 55 66 0 1
1859000 67 66 0 0
1864010 62 70 0 1
1864010 70 70 0 0
1875000 55 67 0 1
1875000 67 67 0 0
1875010 71 70 0 0
1884010 63 70 0 1
1891000 55 68 0 1
1891000 67 68 0 0
1900050 79 69 0 0
1904010 72 70 0 0
1906050 76 69 0 1
1907000 55 69 0 1
1907000 67 69 0 0
1914010 64 70 0 1
1923000 55 70 0 1
1923000 67 70 0 0
1936010 64 71 0 1
1936010 73 71 0 0
1939000 55 71 0 1
1939000 67 71 0 0
1947010 65 71 0 1
1948050 80 69 0 0
1954050 77 69 0 1
1955000 55 72 0 1
1955000 67 72 0 0
1971000 55 73 0 1
1971000 67 73 0 0
1973010 74 71 0 0
1987000 55 74 0 1
1987000 67 74 0 0
1988010 66 71 0 1
1996050 81 69 0 0
2000000 45 54 0 1
2000000 57 54 0 0
2000010 58 58 0 1
2000010 67 58 0 0
2000050 72 59 0 1
2000050 75 59 0 0
2001010 59 58 0 1
2016000 45 55 0 1
2016000 57 55 0 0
2021050 72 60 0 1
2021050 75 60 0 0
2032000 45 56 0 1
2032000 57 56 0 0
2048000 45 57 0 1
2048000 57 57 0 0
2053010 68 58 0 0
2064000 45 58 0 1
2064000 57 58 0 0
2068010 60 58 0 1
2069050 72 61 0 1
2069050 75 61 0 0
2072010 60 59 0 1
2072010 68 59 0 0
2080000 45 59 0 1
2080000 57 59 0 0
2094010 69 59 0 0
2096000 45 60 0 1
2096000 57 60 0 0
2105010 61 59 0 1
2112000 45 61 0 1
2112000 57 61 0 0
2117050 72 62 0 1
2117050 75 62 0 0
2127010 70 59 0 0
2128000 45 62 0 1
2128000 57 62 0 0
2137010 62 59 0 1
2144000 45 63 0 1
2144000 57 63 0 0
2144010 62 60 0 1
2144010 70 60 0 0
2156010 71 60 0 0
2160000 45 64 0 1
2160000 57 64 0 0
2165050 72 63 0 1
2165050 75 63 0 0
2166010 63 60 0 1
2176000 45 65 0 1
2176000 57 65 0 0
2186010 72 60 0 0
2192000 45 66 0 1
2192000 57 66 0 0
2196010 64 60 0 1
2208000 45 67 0 1
2208000 57 67 0 0
2213050 72 64 0 1
2213050 75 64 0 0
2216010 64 61 0 1
2216010 72 61 0 0
2217010 73 61 0 0
2224000 45 68 0 1
2224000 57 68 0 0
2229010 65 61 0 1
2240000 45 69 0 1
2240000 57 69 0 0
2255010 74 61 0 0
2256000 45 70 0 1
2256000 57 70 0 0
2261050 72 65 0 1
2261050 75 65 0 0
2270010 66 61 0 1
2272000 45 71 0 1
2272000 57 71 0 0
2288000 45 72 0 1
2288000 57 72 0 0
2288010 66 62 0 1
2288010 74 62 0 0
2304000 45 73 0 1
2304000 57 73 0 0
2309050 72 66 0 1
2309050 75 66 0 0
2320000 45 74 0 1
2320000 57 74 0 0
2322010 75 62 0 0
2347000 45 73 0 1
2347000 57 73 0 0
2350000 58 73 0 0
2357050 72 67 0 1
2357050 75 67 0 0
2360010 66 63 0 1
2360010 74 63 0 0
2363000 45 72 0 1
2363000 58 72 0 0
2366000 46 72 0 1
2379000 46 71 0 1
2379000 58 71 0 0
2382000 59 71 0 0
2395000 46 70 0 1
2395000 59 70 0 0
2398000 47 70 0 1
2405050 72 68 0 1
2405050 75 68 0 0
2411000 47 69 0 1
2411000 59 69 0 0
2412010 65 63 0 1
2414000 60 69 0 0
2427000 47 68 0 1
2427000 60 68 0 0
2427010 73 63 0 0
2430000 48 68 0 1
2432010 65 64 0 1
2432010 73 64 0 0
2443000 48 67 0 1
2443000 60 67 0 0
2446000 61 67 0 0
2453010 64 64 0 1
2453050 72 69 0 1
2453050 75 69 0 0
2459000 48 66 0 1
2459000 61 66 0 0
2462000 49 66 0 1
2464010 72 64 0 0
2475000 49 65 0 1
2475000 61 65 0 0
2478000 62 65 0 0
2486010 63 64 0 1
2491000 49 64 0 1
2491000 62 64 0 0
2494000 50 64 0 1
2496010 71 64 0 0
2500050 67 69 0 1
2500050 70 69 0 0
2504010 63 65 0 1
2504010 71 65 0 0
2507000 50 63 0 1
2507000 62 63 0 0
2510000 63 63 0 0
2516010 62 65 0 1
2516050 71 69 0 0
2522050 68 69 0 1
2523000 50 62 0 1
2523000 63 62 0 0
2525010 70 65 0 0
2526000 51 62 0 1
2539000 51 61 0 1
2539000 63 61 0 0
2542000 64 61 0 0
2545010 61 65 0 1
2555000 51 60 0 1
2555000 64 60 0 0
2555010 69 65 0 0
2558000 52 60 0 1
2564050 72 69 0 0
2570050 69 69 0 1
2571000 52 59 0 1
2571000 64 59 0 0
2574000 65 59 0 0
2576010 61 66 0 1
2576010 69 66 0 0
2577010 60 66 0 1
2587000 52 58 0 1
2587000 65 58 0 0
2588010 68 66 0 0
2590000 53 58 0 1
2603000 53 57 0 1
2603000 65 57 0 0
2606000 66 57 0 0
2612050 73 69 0 0
2614010 59 66 0 1
2618050 70 69 0 1
2619000 53 56 0 1
2619000 66 56 0 0
2622000 54 56 0 1
2629010 67 66 0 0
2635000 54 55 0 1
2635000 66 55 0 0
2638000 67 55 0 0
2648010 59 67 0 1
2648010 67 67 0 0
2651000 54 54 0 1
2651000 67 54 0 0
2654000 55 54 0 1
2660050 74 69 0 0
2666050 71 69 0 1
2681010 58 67 0 1
2683000 55 55 0 1
2683000 67 55 0 0
2699000 55 56 0 1
2699000 67 56 0 0
2708050 75 69 0 0
2714050 72 69 0 1
2715000 55 57 0 1
2715000 67 57 0 0
2719010 59 67 0 1
2720010 59 68 0 1
2720010 67 68 0 0
2731000 55 58 0 1
2731000 67 58 0 0
2747000 55 59 0 1
2747000 67 59 0 0
2756050 76 69 0 0
2762050 73 69 0 1
2763000 55 60 0 1
2763000 67 60 0 0
2771010 68 68 0 0
2779000 55 61 0 1
2779000 67 61 0 0
2786010 60 68 0 1
2792010 60 69 0 1
2792010 68 69 0 0
2795000 55 62 0 1
2795000 67 62 0 0
2804050 77 69 0 0
2810050 74 69 0 1
2811000 55 63 0 1
2811000 67 63 0 0
2812010 69 69 0 0
2823010 61 69 0 1
2827000 55 64 0 1
2827000 67 64 0 0
2843000 55 65 0 1
2843000 67 65 0 0
2845010 70 69 0 0
2852050 78 69 0 0
2855010 62 69 0 1
2858050 75 69 0 1
2859000 55 66 0 1
2859000 67 66 0 0
2864010 62 70 0 1
2864010 70 70 0 0
2875000 55 67 0 1
2875000 67 67 0 0
2875010 71 70 0 0
2884010 63 70 0 1
2891000 55 68 0 1
2891000 67 68 0 0
2900050 79 69 0 0
2904010 72 70 0 0
2906050 76 69 0 1
2907000 55 69 0 1
2907000 67 69 0 0
2914010 64 70 0 1
2923000 55 70 0 1
2923000 67 70 0 0
2936010 64 71 0 1
2936010 73 71 0 0
2939000 55 71 0 1
2939000 67 71 0 0
2947010 65 71 0 1
2948050 80 69 0 0
2954050 77 69 0 1
2955000 55 72 0 1
2955000 67 72 0 0
2971000 55 73 0 1
2971000 67 73 0 0
2973010 74 71 0 0
2987000 55 74 0 1
2987000 67 74 0 0
2988010 66 71 0 1
2996050 81 69 0 0
3000000 45 54 0 1
3000000 57 54 0 0
3000010 58 58 0 1
3000010 67 58 0 0
3000050 72 59 0 1
3000050 75 59 0 0
3001010 59 58 0 1
3016000 45 55 0 1
3016000 57 55 0 0
3021050 72 60 0 1
3021050 75 60 0 0
3032000 45 56 0 1
3032000 57 56 0 0
3048000 45 57 0 1
3048000 57 57 0 0
3053010 68 58 0 0
3064000 45 58 0 1
3064000 57 58 0 0
3068010 60 58 0 1
3069050 72 61 0 1
3069050 75 61 0 0
3072010 60 59 0 1
3072010 68 59 0 0
3080000 45 59 0 1
3080000 57 59 0 0
3094010 69 59 0 0
3096000 45 60 0 1
3096000 57 60 0 0
3105010 61 59 0 1
3112000 45 61 0 1
3112000 57 61 0 0
3117050 72 62 0 1
3117050 75 62 0 0
3127010 70 59 0 0
3128000 45 62 0 1
3128000 57 62 0 0
3137010 62 59 0 1
3144000 45 63 0 1
3144000 57 63 0 0
3144010 62 60 0 1
3144010 70 60 0 0
3156010 71 60 0 0
3160000 45 64 0 1
3160000 57 64 0 0
3165050 72 63 0 1
3165050 75 63 0 0
3166010 63 60 0 1
3176000 45 65 0 1
3176000 57 65 0 0
3186010 72 60 0 0
3192000 45 66 0 1
3192000 57 66 0 0
3196010 64 60 0 1
3208000 45 67 0 1
3208000 57 67 0 0
3213050 72 64 0 1
3213050 75 64 0 0
3216010 64 61 0 1
3216010 72 61 0 0
3217010 73 61 0 0
3224000 45 68 0 1
3224000 57 68 0 0
3229010 65 61 0 1
3240000 45 69 0 1
3240000 57 69 0 0
3255010 74 61 0 0
3256000 45 70 0 1
3256000 57 70 0 0
3261050 72 65 0 1
3261050 75 65 0 0
3270010 66 61 0 1
3272000 45 71 0 1
3272000 57 71 0 0
3288000 45 72 0 1
3288000 57 72 0 0
3288010 66 62 0 1
3288010 74 62 0 0
3304000 45 73 0 1
3304000 57 73 0 0
3309050 72 66 0 1
3309050 75 66 0 0
3320000 45 74 0 1
3320000 57 74 0 0
3322010 75 62 0 0
3347000 45 73 0 1
3347000 57 73 0 0
3350000 58 73 0 0
3357050 72 67 0 1
3357050 75 67 0 0
3360010 66 63 0 1
3360010 74 63 0 0
3363000 45 72 0 1
3363000 58 72 0 0
3366000 46 72 0 1
3379000 46 71 0 1
3379000 58 71 0 0
3382000 59 71 0 0
3395000 46 70 0 1
3395000 59 70 0 0
3398000 47 70 0 1
3405050 72 68 0 1
3405050 75 68 0 0
3411000 47 69 0 1
3411000 59 69 0 0
3412010 65 63 0 1
3414000 60 69 0 0
3427000 47 68 0 1
3427000 60 68 0 0
3427010 73 63 0 0
3430000 48 68 0 1
3432010 65 64 0 1
3432010 73 64 0 0
3443000 48 67 0 1
3443000 60 67 0 0
3446000 61 67 0 0
3453010 64 64 0 1
3453050 72 69 0 1
3453050 75 69 0 0
3459000 48 66 0 1
3459000 61 66 0 0
3462000 49 66 0 1
3464010 72 64 0 0
3475000 49 65 0 1
3475000 61 65 0 0
3478000 62 65 0 0
3486010 63 64 0 1
3491000 49 64 0 1
3491000 62 64 0 0
3494000 50 64 0 1
3496010 71 64 0 0
3500050 67 69 0 1
3500050 70 69 0 0
3504010 63 65 0 1
3504010 71 65 0 0
3507000 50 63 0 1
3507000 62 63 0 0
3510000 63 63 0 0
3516010 62 65 0 1
3516050 71 69 0 0
3522050 68 69 0 1
3523000 50 62 0 1
3523000 63 62 0 0
3525010 70 65 0 0
3526000 51 62 0 1
3539000 51 61 0 1
3539000 63 61 0 0
3542000 64 61 0 0
3545010 61 65 0 1
3555000 51 60 0 1
3555000 64 60 0 0
3555010 69 65 0 0
3558000 52 60 0 1
3564050 72 69 0 0
3570050 69 69 0 1
3571000 52 59 0 1
3571000 64 59 0 0
3574000 65 59 0 0
3576010 61 66 0 1
3576010 69 66 0 0
3577010 60 66 0 1
3587000 52 58 0 1
3587000 65 58 0 0
3588010 68 66 0 0
3590000 53 58 0 1
3603000 53 57 0 1
3603000 65 57 0 0
3606000 66 57 0 0
3612050 73 69 0 0
3614010 59 66 0 1
3618050 70 69 0 1
3619000 53 56 0 1
3619000 66 56 0 0
3622000 54 56 0 1
3629010 67 66 0 0
3635000 54 55 0 1
3635000 66 55 0 0
3638000 67 55 0 0
3648010 59 67 0 1
3648010 67 67 0 0
3651000 54 54 0 1
3651000 67 54 0 0
3654000 55 54 0 1
3660050 74 69 0 0
3666050 71 69 0 1
3681010 58 67 0 1
3683000 55 55 0 1
3683000 67 55 0 0
3699000 55 56 0 1
3699000 67 56 0 0
3708050 75 69 0 0
3714050 72 69 0 1
3715000 55 57 0 1
3715000 67 57 0 0
3719010 59 67 0 1
3720010 59 68 0 1
3720010 67 68 0 0
3731000 55 58 0 1
3731000 67 58 0 0
3747000 55 59 0 1
3747000 67 59 0 0
3756050 76 69 0 0
3762050 73 69 0 1
3763000 55 60 0 1
3763000 67 60 0 0
3771010 68 68 0 0
3779000 55 61 0 1
3779000 67 61 0 0
3786010 60 68 0 1
3792010 60 69 0 1
3792010 68 69 0 0
3795000 55 62 0 1
3795000 67 62 0 0
3804050 77 69 0 0
3810050 74 69 0 1
3811000 55 63 0 1
3811000 67 63 0 0
3812010 69 69 0 0
3823010 61 69 0 1
3827000 55 64 0 1
3827000 67 64 0 0
3843000 55 65 0 1
3843000 67 65 0 0
3845010 70 69 0 0
3852050 78 69 0 0
3855010 62 69 0 1
3858050 75 69 0 1
3859000 55 66 0 1
3859000 67 66 0 0
3864010 62 70 0 1
3864010 70 70 0 0
3875000 55 67 0 1
3875000 67 67 0 0
3875010 71 70 0 0
3884010 63 70 0 1
3891000 55 68 0 1
3891000 67 68 0 0
3900050 79 69 0 0
3904010 72 70 0 0
3906050 76 69 0 1
3907000 55 69 0 1
3907000 67 69 0 0
3914010 64 70 0 1
3923000 55 70 0 1
3923000 67 70 0 0
3936010 64 71 0 1
3936010 73 71 0 0
3939000 55 71 0 1
3939000 67 71 0 0
3947010 65 71 0 1
3948050 80 69 0 0
3954050 77 69 0 1
3955000 55 72 0 1
3955000 67 72 0 0
3971000 55 73 0 1
3971000 67 73 0 0
3973010 74 71 0 0
3987000 55 74 0 1
3987000 67 74 0 0
3988010 66 71 0 1
3996050 81 69 0 0
4000000 45 54 0 1
4000000 57 54 0 0
4000010 58 58 0 1
4000010 67 58 0 0
4000050 72 59 0 1
4000050 75 59 0 0
4001010 59 58 0 1
4016000 45 55 0 1
4016000 57 55 0 0
4021050 72 60 0 1
4021050 75 60 0 0
4032000 45 56 0 1
4032000 57 56 0 0
4048000 45 57 0 1
4048000 57 57 0 0
4053010 68 58 0 0
4064000 45 58 0 1
4064000 57 58 0 0
4068010 60 58 0 1
4069050 72 61 0 1
4069050 75 61 0 0
4072010 60 59 0 1
4072010 68 59 0 0
4080000 45 59 0 1
4080000 57 59 0 0
4094010 69 59 0 0
4096000 45 60 0 1
4096000 57 60 0 0
4105010 61 59 0 1
4112000 45 61 0 1
4112000 57 61 0 0
4117050 72 62 0 1
4117050 75 62 0 0
4127010 70 59 0 0
4128000 45 62 0 1
4128000 57 62 0 0
4137010 62 59 0 1
4144000 45 63 0 1
4144000 57 63 0 0
4144010 62 60 0 1
4144010 70 60 0 0
4156010 71 60 0 0
4160000 45 64 0 1
4160000 57 64 0 0
4165050 72 63 0 1
4165050 75 63 0 0
4166010 63 60 0 1
4176000 45 65 0 1
4176000 57 65 0 0
4186010 72 60 0 0
4192000 45 66 0 1
4192000 57 66 0 0
4196010 64 60 0 1
4208000 45 67 0 1
4208000 57 67 0 0
4213050 72 64 0 1
4213050 75 64 0 0
4216010 64 61 0 1
4216010 72 61 0 0
4217010 73 61 0 0
4224000 45 68 0 1
4224000 57 68 0 0
4229010 65 61 0 1
4240000 45 69 0 1
4240000 57 69 0 0
4255010 74 61 0 0
4256000 45 70 0 1
4256000 57 70 0 0
4261050 72 65 0 1
4261050 75 65 0 0
4270010 66 61 0 1
4272000 45 71 0 1
4272000 57 71 0 0
4288000 45 72 0 1
4288000 57 72 0 0
4288010 66 62 0 1
4288010 74 62 0 0
4304000 45 73 0 1
4304000 57 73 0 0
4309050 72 66 0 1
4309050 75 66 0 0
4320000 45 74 0 1
4320000 57 74 0 0
4322010 75 62 0 0
4347000 45 73 0 1
4347000 57 73 0 0
4350000 58 73 0 0
4357050 72 67 0 1
4357050 75 67 0 0
4360010 66 63 0 1
4360010 74 63 0 0
4363000 45 72 0 1
4363000 58 72 0 0
4366000 46 72 0 1
4379000 46 71 0 1
4379000 58 71 0 0
4382000 59 71 0 0
4395000 46 70 0 1
4395000 59 70 0 0
4398000 47 70 0 1
4405050 72 68 0 1
4405050 75 68 0 0
4411000 47 69 0 1
4411000 59 69 0 0
4412010 65 63 0 1
4414000 60 69 0 0
4427000 47 68 0 1
4427000 60 68 0 0
4427010 73 63 0 0
4430000 48 68 0 1
4432010 65 64 0 1
4432010 73 64 0 0
4443000 48 67 0 1
4443000 60 67 0 0
4446000 61 67 0 0
4453010 64 64 0 1
4453050 72 69 0 1
4453050 75 69 0 0
4459000 48 66 0 1
4459000 61 66 0 0
4462000 49 66 0 1
4464010 72 64 0 0
4475000 49 65 0 1
4475000 61 65 0 0
4478000 62 65 0 0
4486010 63 64 0 1
4491000 49 64 0 1
4491000 62 64 0 0
4494000 50 64 0 1
4496010 71 64 0 0
4500050 67 69 0 1
4500050 70 69 0 0
4504010 63 65 0 1
4504010 71 65 0 0
4507000 50 63 0 1
4507000 62 63 0 0
4510000 63 63 0 0
4516010 62 65 0 1
4516050 71 69 0 0
4522050 68 69 0 1
4523000 50 62 0 1
4523000 63 62 0 0
4525010 70 65 0 0
4526000 51 62 0 1
4539000 51 61 0 1
4539000 63 61 0 0
4542000 64 61 0 0
4545010 61 65 0 1
4555000 51 60 0 1
4555000 64 60 0 0
4555010 69 65 0 0
4558000 52 60 0 1
4564050 72 69 0 0
4570050 69 69 0 1
4571000 52 59 0 1
4571000 64 59 0 0
4574000 65 59 0 0
4576010 61 66 0 1
4576010 69 66 0 0
4577010 60 66 0 1
4587000 52 58 0 1
4587000 65 58 0 0
4588010 68 66 0 0
4590000 53 58 0 1
4603000 53 57 0 1
4603000 65 57 0 0
4606000 66 57 0 0
4612050 73 69 0 0
4614010 59 66 0 1
4618050 70 69 0 1
4619000 53 56 0 1
4619000 66 56 0 0
4622000 54 56 0 1
4629010 67 66 0 0
4635000 54 55 0 1
4635000 66 55 0 0
4638000 67 55 0 0
4648010 59 67 0 1
4648010 67 67 0 0
4651000 54 54 0 1
4651000 67 54 0 0
4654000 55 54 0 1
4660050 74 69 0 0
4666050 71 69 0 1
4681010 58 67 0 1
4683000 55 55 0 1
4683000 67 55 0 0
4699000 55 56 0 1
4699000 67 56 0 0
4708050 75 69 0 0
4714050 72 69 0 1
4715000 55 57 0 1
4715000 67 57 0 0
4719010 59 67 0 1
4720010 59 68 0 1
4720010 67 68 0 0
4731000 55 58 0 1
4731000 67 58 0 0
4747000 55 59 0 1
4747000 67 59 0 0
4756050 76 69 0 0
4762050 73 69 0 1
4763000 55 60 0 1
4763000 67 60 0 0
4771010 68 68 0 0
4779000 55 61 0 1
4779000 67 61 0 0
4786010 60 68 0 1
4792010 60 69 0 1
4792010 68 69 0 0
4795000 55 62 0 1
4795000 67 62 0 0
4804050 77 69 0 0
4810050 74 69 0 1
4811000 55 63 0 1
4811000 67 63 0 0
4812010 69 69 0 0
4823010 61 69 0 1
4827000 55 64 0 1
4827000 67 64 0 0
4843000 55 65 0 1
4843000 67 65 0 0
4845010 70 69 0 0
4852050 78 69 0 0
4855010 62 69 0 1
4858050 75 69 0 1
4859000 55 66 0 1
4859000 67 66 0 0
4864010 62 70 0 1
4864010 70 70 0 0
4875000 55 67 0 1
4875000 67 67 0 0
4875010 71 70 0 0
4884010 63 70 0 1
4891000 55 68 0 1
4891000 67 68 0 0
4900050 79 69 0 0
4904010 72 70 0 0
4906050 76 69 0 1
4907000 55 69 0 1
4907000 67 69 0 0
4914010 64 70 0 1
4923000 55 70 0 1
4923000 67 70 0 0
4936010 64 71 0 1
4936010 73 71 0 0
4939000 55 71 0 1
4939000 67 71 0 0
4947010 65 71 0 1
4948050 80 69 0 0
4954050 77 69 0 1
4955000 55 72 0 1
4955000 67 72 0 0
4971000 55 73 0 1
4971000 67 73 0 0
4973010 74 71 0 0
4987000 55 74 0 1
4987000 67 74 0 0
4988010 66 71 0 1
4996050 81 69 0 0
5000000 45 54 0 1
5000000 57 54 0 0
5000010 58 58 0 1
5000010 67 58 0 0
5000050 72 59 0 1
5000050 75 59 0 0
5001010 59 58 0 1
5016000 45 55 0 1
5016000 57 55 0 0
5021050 72 60 0 1
5021050 75 60 0 0
5032000 45 56 0 1
5032000 57 56 0 0
5048000 45 57 0 1
5048000 57 57 0 0
5053010 68 58 0 0
5064000 45 58 0 1
5064000 57 58 0 0
5068010 60 58 0 1
5069050 72 61 0 1
5069050 75 61 0 0
5072010 60 59 0 1
5072010 68 59 0 0
5080000 45 59 0 1
5080000 57 59 0 0
5094010 69 59 0 0
5096000 45 60 0 1
5096000 57 60 0 0
5105010 61 59 0 1
5112000 45 61 0 1
5112000 57 61 0 0
5117050 72 62 0 1
5117050 75 62 0 0
5127010 70 59 0 0
5128000 45 62 0 1
5128000 57 62 0 0
5137010 62 59 0 1
5144000 45 63 0 1
5144000 57 63 0 0
5144010 62 60 0 1
5144010 70 60 0 0
5156010 71 60 0 0
5160000 45 64 0 1
5160000 57 64 0 0
5165050 72 63 0 1
5165050 75 63 0 0
5166010 63 60 0 1
5176000 45 65 0 1
5176000 57 65 0 0
5186010 72 60 0 0
5192000 45 66 0 1
5192000 57 66 0 0
5196010 64 60 0 1
5208000 45 67 0 1
5208000 57 67 0 0
5213050 72 64 0 1
5213050 75 64 0 0
5216010 64 61 0 1
5216010 72 61 0 0
5217010 73 61 0 0
5224000 45 68 0 1
5224000 57 68 0 0
5229010 65 61 0 1
5240000 45 69 0 1
5240000 57 69 0 0
5255010 74 61 0 0
5256000 45 70 0 1
5256000 57 70 0 0
5261050 72 65 0 1
5261050 75 65 0 0
5270010 66 61 0 1
5272000 45 71 0 1
5272000 57 71 0 0
5288000 45 72 0 1
5288000 57 72 0 0
5288010 66 62 0 1
5288010 74 62 0 0
5304000 45 73 0 1
5304000 57 73 0 0
5309050 72 66 0 1
5309050 75 66 0 0
5320000 45 74 0 1
5320000 57 74 0 0
5322010 75 62 0 0
5347000 45 73 0 1
5347000 57 73 0 0
5350000 58 73 0 0
5357050 72 67 0 1
5357050 75 67 0 0
5360010 66 63 0 1
5360010 74 63 0 0
5363000 45 72 0 1
5363000 58 72 0 0
5366000 46 72 0 1
5379000 46 71 0 1
5379000 58 71 0 0
5382000 59 71 0 0
5395000 46 70 0 1
5395000 59 70 0 0
5398000 47 70 0 1
5405050 72 68 0 1
5405050 75 68 0 0
5411000 47 69 0 1
5411000 59 69 0 0
5412010 65 63 0 1
5414000 60 69 0 0
5427000 47 68 0 1
5427000 60 68 0 0
5427010 73 63 0 0
5430000 48 68 0 1
5432010 65 64 0 1
5432010 73 64 0 0
5443000 48 67 0 1
5443000 60 67 0 0
5446000 61 67 0 0
5453010 64 64 0 1
5453050 72 69 0 1
5453050 75 69 0 0
5459000 48 66 0 1
5459000 61 66 0 0
5462000 49 66 0 1
5464010 72 64 0 0
5475000 49 65 0 1
5475000 61 65 0 0
5478000 62 65 0 0
5486010 63 64 0 1
5491000 49 64 0 1
5491000 62 64 0 0
5494000 50 64 0 1
5496010 71 64 0 0
5500050 67 69 0 1
5500050 70 69 0 0
5504010 63 65 0 1
5504010 71 65 0 0
5507000 50 63 0 1
5507000 62 63 0 0
5510000 63 63 0 0
5516010 62 65 0 1
5516050 71 69 0 0
5522050 68 69 0 1
5523000 50 62 0 1
5523000 63 62 0 0
5525010 70 65 0 0
5526000 51 62 0 1
5539000 51 61 0 1
5539000 63 61 0 0
5542000 64 61 0 0
5545010 61 65 0 1
5555000 51 60 0 1
5555000 64 60 0 0
5555010 69 65 0 0
5558000 52 60 0 1
5564050 72 69 0 0
5570050 69 69 0 1
5571000 52 59 0 1
5571000 64 59 0 0
5574000 65 59 0 0
5576010 61 66 0 1
5576010 69 66 0 0
5577010 60 66 0 1
5587000 52 58 0 1
5587000 65 58 0 0
5588010 68 66 0 0
5590000 53 58 0 1
5603000 53 57 0 1
5603000 65 57 0 0
5606000 66 57 0 0
5612050 73 69 0 0
5614010 59 66 0 1
5618050 70 69 0 1
5619000 53 56 0 1
5619000 66 56 0 0
5622000 54 56 0 1
5629010 67 66 0 0
5635000 54 55 0 1
5635000 66 55 0 0
5638000 67 55 0 0
5648010 59 67 0 1
5648010 67 67 0 0
5651000 54 54 0 1
5651000 67 54 0 0
5654000 55 54 0 1
5660050 74 69 0 0
5666050 71 69 0 1
5681010 58 67 0 1
5683000 55 55 0 1
5683000 67 55 0 0
5699000 55 56 0 1
5699000 67 56 0 0
5708050 75 69 0 0
5714050 72 69 0 1
5715000 55 57 0 1
5715000 67 57 0 0
5719010 59 67 0 1
5720010 59 68 0 1
5720010 67 68 0 0
5731000 55 58 0 1
5731000 67 58 0 0
5747000 55 59 0 1
5747000 67 59 0 0
5756050 76 69 0 0
5762050 73 69 0 1
5763000 55 60 0 1
5763000 67 60 0 0
5771010 68 68 0 0
5779000 55 61 0 1
5779000 67 61 0 0
5786010 60 68 0 1
5792010 60 69 0 1
5792010 68 69 0 0
5795000 55 62 0 1
5795000 67 62 0 0
5804050 77 69 0 0
5810050 74 69 0 1
5811000 55 63 0 1
5811000 67 63 0 0
5812010 69 69 0 0
5823010 61 69 0 1
5827000 55 64 0 1
5827000 67 64 0 0
5843000 55 65 0 1
5843000 67 65 0 0
5845010 70 69 0 0
5852050 78 69 0 0
5855010 62 69 0 1
5858050 75 69 0 1
5859000 55 66 0 1
5859000 67 66 0 0
5864010 62 70 0 1
5864010 70 70 0 0
5875000 55 67 0 1
5875000 67 67 0 0
5875010 71 70 0 0
5884010 63 70 0 1
5891000 55 68 0 1
5891000 67 68 0 0
5900050 79 69 0 0
5904010 72 70 0 0
5906050 76 69 0 1
5907000 55 69 0 1
5907000 67 69 0 0
5914010 64 70 0 1
5923000 55 70 0 1
5923000 67 70 0 0
5936010 64 71 0 1
5936010 73 71 0 0
5939000 55 71 0 1
5939000 67 71 0 0
5947010 65 71 0 1
5948050 80 69 0 0
5954050 77 69 0 1
5955000 55 72 0 1
5955000 67 72 0 0
5971000 55 73 0 1
5971000 67 73 0 0
5973010 74 71 0 0
5987000 55 74 0 1
5987000 67 74 0 0
5988010 66 71 0 1
5996050 81 69 0 0
6000000 45 54 0 1
6000000 57 54 0 0
6000010 58 58 0 1
6000010 67 58 0 0
6000050 72 59 0 1
6000050 75 59 0 0
6001010 59 58 0 1
6016000 45 55 0 1
6016000 57 55 0 0
6021050 72 60 0 1
6021050 75 60 0 0
6032000 45 56 0 1
6032000 57 56 0 0
6048000 45 57 0 1
6048000 57 57 0 0
6053010 68 58 0 0
6064000 45 58 0 1
6064000 57 58 0 0
6068010 60 58 0 1
6069050 72 61 0 1
6069050 75 61 0 0
6072010 60 59 0 1
6072010 68 59 0 0
6080000 45 59 0 1
6080000 57 59 0 0
6094010 69 59 0 0
6096000 45 60 0 1
6096000 57 60 0 0
6105010 61 59 0 1
6112000 45 61 0 1
6112000 57 61 0 0
6117050 72 62 0 1
6117050 75 62 0 0
6127010 70 59 0 0
6128000 45 62 0 1
6128000 57 62 0 0
6137010 62 59 0 1
6144000 45 63 0 1
6144000 57 63 0 0
6144010 62 60 0 1
6144010 70 60 0 0
6156010 71 60 0 0
6160000 45 64 0 1
6160000 57 64 0 0
6165050 72 63 0 1
6165050 75 63 0 0
6166010 63 60 0 1
6176000 45 65 0 1
6176000 57 65 0 0
6186010 72 60 0 0
6192000 45 66 0 1
6192000 57 66 0 0
6196010 64 60 0 1
6208000 45 67 0 1
6208000 57 67 0 0
6213050 72 64 0 1
6213050 75 64 0 0
6216010 64 61 0 1
6216010 72 61 0 0
6217010 73 61 0 0
6224000 45 68 0 1
6224000 57 68 0 0
6229010 65 61 0 1
6240000 45 69 0 1
6240000 57 69 0 0
6255010 74 61 0 0
6256000 45 70 0 1
6256000 57 70 0 0
6261050 72 65 0 1
6261050 75 65 0 0
6270010 66 61 0 1
6272000 45 71 0 1
6272000 57 71 0 0
6288000 45 72 0 1
6288000 57 72 0 0
6288010 66 62 0 1
6288010 74 62 0 0
6304000 45 73 0 1
6304000 57 73 0 0
6309050 72 66 0 1
6309050 75 66 0 0
6320000 45 74 0 1
6320000 57 74 0 0
6322010 75 62 0 0
6347000 45 73 0 1
6347000 57 73 0 0
6350000 58 73 0 0
6357050 72 67 0 1
6357050 75 67 0 0
6360010 66 63 0 1
6360010 74 63 0 0
6363000 45 72 0 1
6363000 58 72 0 0
6366000 46 72 0 1
6379000 46 71 0 1
6379000 58 71 0 0
6382000 59 71 0 0
6395000 46 70 0 1
6395000 59 70 0 0
6398000 47 70 0 1
6405050 72 68 0 1
6405050 75 68 0 0
6411000 47 69 0 1
6411000 59 69 0 0
6412010 65 63 0 1
6414000 60 69 0 0
6427000 47 68 0 1
6427000 60 68 0 0
6427010 73 63 0 0
6430000 48 68 0 1
6432010 65 64 0 1
6432010 73 64 0 0
6443000 48 67 0 1
6443000 60 67 0 0
6446000 61 67 0 0
6453010 64 64 0 1
6453050 72 69 0 1
6453050 75 69 0 0
6459000 48 66 0 1
6459000 61 66 0 0
6462000 49 66 0 1
6464010 72 64 0 0
6475000 49 65 0 1
6475000 61 65 0 0
6478000 62 65 0 0
6486010 63 64 0 1
6491000 49 64 0 1
6491000 62 64 0 0
6494000 50 64 0 1
6496010 71 64 0 0
6500050 67 69 0 1
6500050 70 69 0 0
6504010 63 65 0 1
6504010 71 65 0 0
6507000 50 63 0 1
6507000 62 63 0 0
6510000 63 63 0 0
6516010 62 65 0 1
6516050 71 69 0 0
6522050 68 69 0 1
6523000 50 62 0 1
6523000 63 62 0 0
6525010 70 65 0 0
6526000 51 62 0 1
6539000 51 61 0 1
6539000 63 61 0 0
6542000 64 61 0 0
6545010 61 65 0 1
6555000 51 60 0 1
6555000 64 60 0 0
6555010 69 65 0 0
6558000 52 60 0 1
6564050 72 69 0 0
6570050 69 69 0 1
6571000 52 59 0 1
6571000 64 59 0 0
6574000 65 59 0 0
6576010 61 66 0 1
6576010 69 66 0 0
6577010 60 66 0 1
6587000 52 58 0 1
6587000 65 58 0 0
6588010 68 66 0 0
6590000 53 58 0 1
6603000 53 57 0 1
6603000 65 57 0 0
6606000 66 57 0 0
6612050 73 69 0 0
6614010 59 66 0 1
6618050 70 69 0 1
6619000 53 56 0 1
6619000 66 56 0 0
6622000 54 56 0 1
6629010 67 66 0 0
6635000 54 55 0 1
6635000 66 55 0 0
6638000 67 55 0 0
6648010 59 67 0 1
6648010 67 67 0 0
6651000 54 54 0 1
6651000 67 54 0 0
6654000 55 54 0 1
6660050 74 69 0 0
6666050 71 69 0 1
6681010 58 67 0 1
6683000 55 55 0 1
6683000 67 55 0 0
6699000 55 56 0 1
6699000 67 56 0 0
6708050 75 69 0 0
6714050 72 69 0 1
6715000 55 57 0 1
6715000 67 57 0 0
6719010 59 67 0 1
6720010 59 68 0 1
6720010 67 68 0 0
6731000 55 58 0 1
6731000 67 58 0 0
6747000 55 59 0 1
6747000 67 59 0 0
6756050 76 69 0 0
6762050 73 69 0 1
6763000 55 60 0 1
6763000 67 60 0 0
6771010 68 68 0 0
6779000 55 61 0 1
6779000 67 61 0 0
6786010 60 68 0 1
6792010 60 69 0 1
6792010 68 69 0 0
6795000 55 62 0 1
6795000 67 62 0 0
6804050 77 69 0 0
6810050 74 69 0 1
6811000 55 63 0 1
6811000 67 63 0 0
6812010 69 69 0 0
6823010 61 69 0 1
6827000 55 64 0 1
6827000 67 64 0 0
6843000 55 65 0 1
6843000 67 65 0 0
6845010 70 69 0 0
6852050 78 69 0 0
6855010 62 69 0 1
6858050 75 69 0 1
6859000 55 66 0 1
6859000 67 66 0 0
6864010 62 70 0 1
6864010 70 70 0 0
6875000 55 67 0 1
6875000 67 67 0 0
6875010 71 70 0 0
6884010 63 70 0 1
6891000 55 68 0 1
6891000 67 68 0 0
6900050 79 69 0 0
6904010 72 70 0 0
6906050 76 69 0 1
6907000 55 69 0 1
6907000 67 69 0 0
6914010 64 70 0 1
6923000 55 70 0 1
6923000 67 70 0 0
6936010 64 71 0 1
6936010 73 71 0 0
6939000 55 71 0 1
6939000 67 71 0 0
6947010 65 71 0 1
6948050 80 69 0 0
6954050 77 69 0 1
6955000 55 72 0 1
6955000 67 72 0 0
6971000 55 73 0 1
6971000 67 73 0 0
6973010 74 71 0 0
6987000 55 74 0 1
6987000 67 74 0 0
6988010 66 71 0 1
6996050 81 69 0 0
7000000 45 54 0 1
7000000 57 54 0 0
7000010 58 58 0 1
7000010 67 58 0 0
7000050 72 59 0 1
7000050 75 59 0 0
7001010 59 58 0 1
7016000 45 55 0 1
7016000 57 55 0 0
7021050 72 60 0 1
7021050 75 60 0 0
7032000 45 56 0 1
7032000 57 56 0 0
7048000 45 57 0 1
7048000 57 57 0 0
7053010 68 58 0 0
7064000 45 58 0 1
7064000 57 58 0 0
7068010 60 58 0 1
7069050 72 61 0 1
7069050 75 61 0 0
7072010 60 59 0 1
7072010 68 59 0 0
7080000 45 59 0 1
7080000 57 59 0 0
7094010 69 59 0 0
7096000 45 60 0 1
7096000 57 60 0 0
7105010 61 59 0 1
7112000 45 61 0 1
7112000 57 61 0 0
7117050 72 62 0 1
7117050 75 62 0 0
7127010 70 59 0 0
7128000 45 62 0 1
7128000 57 62 0 0
7137010 62 59 0 1
7144000 45 63 0 1
7144000 57 63 0 0
7144010 62 60 0 1
7144010 70 60 0 0
7156010 71 60 0 0
7160000 45 64 0 1
7160000 57 64 0 0
7165050 72 63 0 1
7165050 75 63 0 0
7166010 63 60 0 1
7176000 45 65 0 1
7176000 57 65 0 0
7186010 72 60 0 0
7192000 45 66 0 1
7192000 57 66 0 0
7196010 64 60 0 1
7208000 45 67 0 1
7208000 57 67 0 0
7213050 72 64 0 1
7213050 75 64 0 0
7216010 64 61 0 1
7216010 72 61 0 0
7217010 73 61 0 0
7224000 45 68 0 1
7224000 57 68 0 0
7229010 65 61 0 1
7240000 45 69 0 1
7240000 57 69 0 0
7255010 74 61 0 0
7256000 45 70 0 1
7256000 57 70 0 0
7261050 72 65 0 1
7261050 75 65 0 0
7270010 66 61 0 1
7272000 45 71 0 1
7272000 57 71 0 0
7288000 45 72 0 1
7288000 57 72 0 0
7288010 66 62 0 1
7288010 74 62 0 0
7304000 45 73 0 1
7304000 57 73 0 0
7309050 72 66 0 1
7309050 75 66 0 0
7320000 45 74 0 1
7320000 57 74 0 0
7322010 75 62 0 0
7347000 45 73 0 1
7347000 57 73 0 0
7350000 58 73 0 0
7357050 72 67 0 1
7357050 75 67 0 0
7360010 66 63 0 1
7360010 74 63 0 0
7363000 45 72 0 1
7363000 58 72 0 0
7366000 46 72 0 1
7379000 46 71 0 1
7379000 58 71 0 0
7382000 59 71 0 0
7395000 46 70 0 1
7395000 59 70 0 0
7398000 47 70 0 1
7405050 72 68 0 1
7405050 75 68 0 0
7411000 47 69 0 1
7411000 59 69 0 0
7412010 65 63 0 1
7414000 60 69 0 0
7427000 47 68 0 1
7427000 60 68 0 0
7427010 73 63 0 0
7430000 48 68 0 1
7432010 65 64 0 1
7432010 73 64 0 0
7443000 48 67 0 1
7443000 60 67 0 0
7446000 61 67 0 0
7453010 64 64 0 1
7453050 72 69 0 1
7453050 75 69 0 0
7459000 48 66 0 1
7459000 61 66 0 0
7462000 49 66 0 1
7464010 72 64 0 0
7475000 49 65 0 1
7475000 61 65 0 0
7478000 62 65 0 0
7486010 63 64 0 1
7491000 49 64 0 1
7491000 62 64 0 0
7494000 50 64 0 1
7496010 71 64 0 0
7500050 67 69 0 1
7500050 70 69 0 0
7504010 63 65 0 1
7504010 71 65 0 0
7507000 50 63 0 1
7507000 62 63 0 0
7510000 63 63 0 0
7516010 62 65 0 1
7516050 71 69 0 0
7522050 68 69 0 1
7523000 50 62 0 1
7523000 63 62 0 0
7525010 70 65 0 0
7526000 51 62 0 1
7539000 51 61 0 1
7539000 63 61 0 0
7542000 64 61 0 0
7545010 61 65 0 1
7555000 51 60 0 1
7555000 64 60 0 0
7555010 69 65 0 0
7558000 52 60 0 1
7564050 72 69 0 0
7570050 69 69 0 1
7571000 52 59 0 1
7571000 64 59 0 0
7574000 65 59 0 0
7576010 61 66 0 1
7576010 69 66 0 0
7577010 60 66 0 1
7587000 52 58 0 1
7587000 65 58 0 0
7588010 68 66 0 0
7590000 53 58 0 1
7603000 53 57 0 1
7603000 65 57 0 0
7606000 66 57 0 0
7612050 73 69 0 0
7614010 59 66 0 1
7618050 70 69 0 1
7619000 53 56 0 1
7619000 66 56 0 0
7622000 54 56 0 1
7629010 67 66 0 0
7635000 54 55 0 1
7635000 66 55 0 0
7638000 67 55 0 0
7648010 59 67 0 1
7648010 67 67 0 0
7651000 54 54 0 1
7651000 67 54 0 0
7654000 55 54 0 1
7660050 74 69 0 0
7666050 71 69 0 1
7681010 58 67 0 1
7683000 55 55 0 1
7683000 67 55 0 0
7699000 55 56 0 1
7699000 67 56 0 0
7708050 75 69 0 0
7714050 72 69 0 1
7715000 55 57 0 1
7715000 67 57 0 0
7719010 59 67 0 1
7720010 59 68 0 1
7720010 67 68 0 0
7731000 55 58 0 1
7731000 67 58 0 0
7747000 55 59 0 1
7747000 67 59 0 0
7756050 76 69 0 0
7762050 73 69 0 1
7763000 55 60 0 1
7763000 67 60 0 0
7771010 68 68 0 0
7779000 55 61 0 1
7779000 67 61 0 0
7786010 60 68 0 1
7792010 60 69 0 1
7792010 68 69 0 0
7795000 55 62 0 1
7795000 67 62 0 0
7804050 77 69 0 0
7810050 74 69 0 1
7811000 55 63 0 1
7811000 67 63 0 0
7812010 69 69 0 0
7823010 61 69 0 1
7827000 55 64 0 1
7827000 67 64 0 0
7843000 55 65 0 1
7843000 67 65 0 0
7845010 70 69 0 0
7852050 78 69 0 0
7855010 62 69 0 1
7858050 75 69 0 1
7859000 55 66 0 1
7859000 67 66 0 0
7864010 62 70 0 1
7864010 70 70 0 0
7875000 55 67 0 1
7875000 67 67 0 0
7875010 71 70 0 0
7884010 63 70 0 1
7891000 55 68 0 1
7891000 67 68 0 0
7900050 79 69 0 0
7904010 72 70 0 0
7906050 76 69 0 1
7907000 55 69 0 1
7907000 67 69 0 0
7914010 64 70 0 1
7923000 55 70 0 1
7923000 67 70 0 0
7936010 64 71 0 1
7936010 73 71 0 0
7939000 55 71 0 1
7939000 67 71 0 0
7947010 65 71 0 1
7948050 80 69 0 0
7954050 77 69 0 1
7955000 55 72 0 1
7955000 67 72 0 0
7971000 55 73 0 1
7971000 67 73 0 0
7973010 74 71 0 0
7987000 55 74 0 1
7987000 67 74 0 0
7988010 66 71 0 1
7996050 81 69 0 0
8000000 45 54 0 1
8000000 57 54 0 0
8000010 58 58 0 1
8000010 67 58 0 0
8000050 72 59 0 1
8000050 75 59 0 0
8001010 59 58 0 1
8016000 45 55 0 1
8016000 57 55 0 0
8021050 72 60 0 1
8021050 75 60 0 0
8032000 45 56 0 1
8032000 57 56 0 0
8048000 45 57 0 1
8048000 57 57 0 0
8053010 68 58 0 0
8064000 45 58 0 1
8064000 57 58 0 0
8068010 60 58 0 1
8069050 72 61 0 1
8069050 75 61 0 0
8072010 60 59 0 1
8072010 68 59 0 0
8080000 45 59 0 1
8080000 57 59 0 0
8094010 69 59 0 0
8096000 45 60 0 1
8096000 57 60 0 0
8105010 61 59 0 1
8112000 45 61 0 1
8112000 57 61 0 0
8117050 72 62 0 1
8117050 75 62 0 0
8127010 70 59 0 0
8128000 45 62 0 1
8128000 57 62 0 0
8137010 62 59 0 1
8144000 45 63 0 1
8144000 57 63 0 0
8144010 62 60 0 1
8144010 70 60 0 0
8156010 71 60 0 0
8160000 45 64 0 1
8160000 57 64 0 0
8165050 72 63 0 1
8165050 75 63 0 0
8166010 63 60 0 1
8176000 45 65 0 1
8176000 57 65 0 0
8186010 72 60 0 0
8192000 45 66 0 1
8192000 57 66 0 0
8196010 64 60 0 1
8208000 45 67 0 1
8208000 57 67 0 0
8213050 72 64 0 1
8213050 75 64 0 0
8216010 64 61 0 1
8216010 72 61 0 0
8217010 73 61 0 0
8224000 45 68 0 1
8224000 57 68 0 0
8229010 65 61 0 1
8240000 45 69 0 1
8240000 57 69 0 0
8255010 74 61 0 0
8256000 45 70 0 1
8256000 57 70 0 0
8261050 72 65 0 1
8261050 75 65 0 0
8270010 66 61 0 1
8272000 45 71 0 1
8272000 57 71 0 0
8288000 45 72 0 1
8288000 57 72 0 0
8288010 66 62 0 1
8288010 74 62 0 0
8304000 45 73 0 1
8304000 57 73 0 0
8309050 72 66 0 1
8309050 75 66 0 0
8320000 45 74 0 1
8320000 57 74 0 0
8322010 75 62 0 0
8347000 45 73 0 1
8347000 57 73 0 0
8350000 58 73 0 0
8357050 72 67 0 1
8357050 75 67 0 0
8360010 66 63 0 1
8360010 74 63 0 0
8363000 45 72 0 1
8363000 58 72 0 0
8366000 46 72 0 1
8379000 46 71 0 1
8379000 58 71 0 0
8382000 59 71 0 0
8395000 46 70 0 1
8395000 59 70 0 0
8398000 47 70 0 1
8405050 72 68 0 1
8405050 75 68 0 0
8411000 47 69 0 1
8411000 59 69 0 0
8412010 65 63 0 1
8414000 60 69 0 0
8427000 47 68 0 1
8427000 60 68 0 0
8427010 73 63 0 0
8430000 48 68 0 1
8432010 65 64 0 1
8432010 73 64 0 0
8443000 48 67 0 1
8443000 60 67 0 0
8446000 61 67 0 0
8453010 64 64 0 1
8453050 72 69 0 1
8453050 75 69 0 0
8459000 48 66 0 1
8459000 61 66 0 0
8462000 49 66 0 1
8464010 72 64 0 0
8475000 49 65 0 1
8475000 61 65 0 0
8478000 62 65 0 0
8486010 63 64 0 1
8491000 49 64 0 1
8491000 62 64 0 0
8494000 50 64 0 1
8496010 71 64 0 0
8500050 67 69 0 1
8500050 70 69 0 0
8504010 63 65 0 1
8504010 71 65 0 0
8507000 50 63 0 1
8507000 62 63 0 0
8510000 63 63 0 0
8516010 62 65 0 1
8516050 71 69 0 0
8522050 68 69 0 1
8523000 50 62 0 1
8523000 63 62 0 0
8525010 70 65 0 0
8526000 51 62 0 1
8539000 51 61 0 1
8539000 63 61 0 0
8542000 64 61 0 0
8545010 61 65 0 1
8555000 51 60 0 1
8555000 64 60 0 0
8555010 69 65 0 0
8558000 52 60 0 1
8564050 72 69 0 0
8570050 69 69 0 1
8571000 52 59 0 1
8571000 64 59 0 0
8574000 65 59 0 0
8576010 61 66 0 1
8576010 69 66 0 0
8577010 60 66 0 1
8587000 52 58 0 1
8587000 65 58 0 0
8588010 68 66 0 0
8590000 53 58 0 1
8603000 53 57 0 1
8603000 65 57 0 0
8606000 66 57 0 0
8612050 73 69 0 0
8614010 59 66 0 1
8618050 70 69 0 1
8619000 53 56 0 1
8619000 66 56 0 0
8622000 54 56 0 1
8629010 67 66 0 0
8635000 54 55 0 1
8635000 66 55 0 0
8638000 67 55 0 0
8648010 59 67 0 1
8648010 67 67 0 0
8651000 54 54 0 1
8651000 67 54 0 0
8654000 55 54 0 1
8660050 74 69 0 0
8666050 71 69 0 1
8681010 58 67 0 1
8683000 55 55 0 1
8683000 67 55 0 0
8699000 55 56 0 1
8699000 67 56 0 0
8708050 75 69 0 0
8714050 72 69 0 1
8715000 55 57 0 1
8715000 67 57 0 0
8719010 59 67 0 1
8720010 59 68 0 1
8720010 67 68 0 0
8731000 55 58 0 1
8731000 67 58 0 0
8747000 55 59 0 1
8747000 67 59 0 0
8756050 76 69 0 0
8762050 73 69 0 1
8763000 55 60 0 1
8763000 67 60 0 0
8771010 68 68 0 0
8779000 55 61 0 1
8779000 67 61 0 0
8786010 60 68 0 1
8792010 60 69 0 1
8792010 68 69 0 0
8795000 55 62 0 1
8795000 67 62 0 0
8804050 77 69 0 0
8810050 74 69 0 1
8811000 55 63 0 1
8811000 67 63 0 0
8812010 69 69 0 0
8823010 61 69 0 1
8827000 55 64 0 1
8827000 67 64 0 0
8843000 55 65 0 1
8843000 67 65 0 0
8845010 70 69 0 0
8852050 78 69 0 0
8855010 62 69 0 1
8858050 75 69 0 1
8859000 55 66 0 1
8859000 67 66 0 0
8864010 62 70 0 1
8864010 70 70 0 0
8875000 55 67 0 1
8875000 67 67 0 0
8875010 71 70 0 0
8884010 63 70 0 1
8891000 55 68 0 1
8891000 67 68 0 0
8900050 79 69 0 0
8904010 72 70 0 0
8906050 76 69 0 1
8907000 55 69 0 1
8907000 67 69 0 0
8914010 64 70 0 1
8923000 55 70 0 1
8923000 67 70 0 0
8936010 64 71 0 1
8936010 73 71 0 0
8939000 55 71 0 1
8939000 67 71 0 0
8947010 65 71 0 1
8948050 80 69 0 0
8954050 77 69 0 1
8955000 55 72 0 1
8955000 67 72 0 0
8971000 55 73 0 1
8971000 67 73 0 0
8973010 74 71 0 0
8987000 55 74 0 1
8987000 67 74 0 0
8988010 66 71 0 1
8996050 81 69 0 0
9000000 45 54 0 1
9000000 57 54 0 0
9000010 58 58 0 1
9000010 67 58 0 0
9000050 72 59 0 1
9000050 75 59 0 0
9001010 59 58 0 1
9016000 45 55 0 1
9016000 57 55 0 0
9021050 72 60 0 1
9021050 75 60 0 0
9032000 45 56 0 1
9032000 57 56 0 0
9048000 45 57 0 1
9048000 57 57 0 0
9053010 68 58 0 0
9064000 45 58 0 1
9064000 57 58 0 0
9068010 60 58 0 1
9069050 72 61 0 1
9069050 75 61 0 0
9072010 60 59 0 1
9072010 68 59 0 0
9080000 45 59 0 1
9080000 57 59 0 0
9094010 69 59 0 0
9096000 45 60 0 1
9096000 57 60 0 0
9105010 61 59 0 1
9112000 45 61 0 1
9112000 57 61 0 0
9117050 72 62 0 1
9117050 75 62 0 0
9127010 70 59 0 0
9128000 45 62 0 1
9128000 57 62 0 0
9137010 62 59 0 1
9144000 45 63 0 1
9144000 57 63 0 0
9144010 62 60 0 1
9144010 70 60 0 0
9156010 71 60 0 0
9160000 45 64 0 1
9160000 57 64 0 0
9165050 72 63 0 1
9165050 75 63 0 0
9166010 63 60 0 1
9176000 45 65 0 1
9176000 57 65 0 0
9186010 72 60 0 0
9192000 45 66 0 1
9192000 57 66 0 0
9196010 64 60 0 1
9208000 45 67 0 1
9208000 57 67 0 0
9213050 72 64 0 1
9213050 75 64 0 0
9216010 64 61 0 1
9216010 72 61 0 0
9217010 73 61 0 0
9224000 45 68 0 1
9224000 57 68 0 0
9229010 65 61 0 1
9240000 45 69 0 1
9240000 57 69 0 0
9255010 74 61 0 0
9256000 45 70 0 1
9256000 57 70 0 0
9261050 72 65 0 1
9261050 75 65 0 0
9270010 66 61 0 1
9272000 45 71 0 1
9272000 57 71 0 0
9288000 45 72 0 1
9288000 57 72 0 0
9288010 66 62 0 1
9288010 74 62 0 0
9304000 45 73 0 1
9304000 57 73 0 0
9309050 72 66 0 1
9309050 75 66 0 0
9320000 45 74 0 1
9320000 57 74 0 0
9322010 75 62 0 0
9347000 45 73 0 1
9347000 57 73 0 0
9350000 58 73 0 0
9357050 72 67 0 1
9357050 75 67 0 0
9360010 66 63 0 1
9360010 74 63 0 0
9363000 45 72 0 1
9363000 58 72 0 0
9366000 46 72 0 1
9379000 46 71 0 1
9379000 58 71 0 0
9382000 59 71 0 0
9395000 46 70 0 1
9395000 59 70 0 0
9398000 47 70 0 1
9405050 72 68 0 1
9405050 75 68 0 0
9411000 47 69 0 1
9411000 59 69 0 0
9412010 65 63 0 1
9414000 60 69 0 0
9427000 47 68 0 1
9427000 60 68 0 0
9427010 73 63 0 0
9430000 48 68 0 1
9432010 65 64 0 1
9432010 73 64 0 0
9443000 48 67 0 1
9443000 60 67 0 0
9446000 61 67 0 0
9453010 64 64 0 1
9453050 72 69 0 1
9453050 75 69 0 0
9459000 48 66 0 1
9459000 61 66 0 0
9462000 49 66 0 1
9464010 72 64 0 0
9475000 49 65 0 1
9475000 61 65 0 0
9478000 62 65 0 0
9486010 63 64 0 1
9491000 49 64 0 1
9491000 62 64 0 0
9494000 50 64 0 1
9496010 71 64 0 0
9500050 67 69 0 1
9500050 70 69 0 0
9504010 63 65 0 1
9504010 71 65 0 0
9507000 50 63 0 1
9507000 62 63 0 0
9510000 63 63 0 0
9516010 62 65 0 1
9516050 71 69 0 0
9522050 68 69 0 1
9523000 50 62 0 1
9523000 63 62 0 0
9525010 70 65 0 0
9526000 51 62 0 1
9539000 51 61 0 1
9539000 63 61 0 0
9542000 64 61 0 0
9545010 61 65 0 1
9555000 51 60 0 1
9555000 64 60 0 0
9555010 69 65 0 0
9558000 52 60 0 1
9564050 72 69 0 0
9570050 69 69 0 1
9571000 52 59 0 1
9571000 64 59 0 0
9574000 65 59 0 0
9576010 61 66 0 1
9576010 69 66 0 0
9577010 60 66 0 1
9587000 52 58 0 1
9587000 65 58 0 0
9588010 68 66 0 0
9590000 53 58 0 1
9603000 53 57 0 1
9603000 65 57 0 0
9606000 66 57 0 0
9612050 73 69 0 0
9614010 59 66 0 1
9618050 70 69 0 1
9619000 53 56 0 1
9619000 66 56 0 0
9622000 54 56 0 1
9629010 67 66 0 0
9635000 54 55 0 1
9635000 66 55 0 0
9638000 67 55 0 0
9648010 59 67 0 1
9648010 67 67 0 0
9651000 54 54 0 1
9651000 67 54 0 0
9654000 55 54 0 1
9660050 74 69 0 0
9666050 71 69 0 1
9681010 58 67 0 1
9683000 55 55 0 1
9683000 67 55 0 0
9699000 55 56 0 1
9699000 67 56 0 0
9708050 75 69 0 0
9714050 72 69 0 1
9715000 55 57 0 1
9715000 67 57 0 0
9719010 59 67 0 1
9720010 59 68 0 1
9720010 67 68 0 0
9731000 55 58 0 1
9731000 67 58 0 0
9747000 55 59 0 1
9747000 67 59 0 0
9756050 76 69 0 0
9762050 73 69 0 1
9763000 55 60 0 1
9763000 67 60 0 0
9771010 68 68 0 0
9779000 55 61 0 1
9779000 67 61 0 0
9786010 60 68 0 1
9792010 60 69 0 1
9792010 68 69 0 0
9795000 55 62 0 1
9795000 67 62 0 0
9804050 77 69 0 0
9810050 74 69 0 1
9811000 55 63 0 1
9811000 67 63 0 0
9812010 69 69 0 0
9823010 61 69 0 1
9827000 55 64 0 1
9827000 67 64 0 0
9843000 55 65 0 1
9843000 67 65 0 0
9845010 70 69 0 0
9852050 78 69 0 0
9855010 62 69 0 1
9858050 75 69 0 1
9859000 55 66 0 1
9859000 67 66 0 0
9864010 62 70 0 1
9864010 70 70 0 0
9875000 55 67 0 1
9875000 67 67 0 0
9875010 71 70 0 0
9884010 63 70 0 1
9891000 55 68 0 1
9891000 67 68 0 0
9900050 79 69 0 0
9904010 72 70 0 0
9906050 76 69 0 1
9907000 55 69 0 1
9907000 67 69 0 0
9914010 64 70 0 1
9923000 55 70 0 1
9923000 67 70 0 0
9936010 64 71 0 1
9936010 73 71 0 0
9939000 55 71 0 1
9939000 67 71 0 0
9947010 65 71 0 1
9948050 80 69 0 0
9954050 77 69 0 1
9955000 55 72 0 1
9955000 67 72 0 0
9971000 55 73 0 1
9971000 67 73 0 0
9973010 74 71 0 0
9987000 55 74 0 1
9987000 67 74 0 0
9988010 66 71 0 1
9996050 81 69 0 0
