9 44 75 12
10 57 71 9
10 71 70 3
89 44 74 12
115 71 69 3
169 44 73 12
249 44 72 12
329 44 71 12
355 71 68 3
370 59 70 8
409 44 70 12
489 44 69 12
569 44 68 12
595 71 67 3
649 44 67 12
729 44 66 12
730 61 69 8
809 44 65 12
835 71 66 3
889 44 64 12
969 44 63 12
1049 44 62 12
1075 71 65 3
1090 63 68 8
1129 44 61 12
1209 44 60 12
1289 44 59 12
1315 71 64 3
1369 44 58 12
1449 44 57 12
1450 65 67 8
1529 44 56 12
1555 71 63 3
1609 44 55 12
1744 44 56 12
1795 71 62 3
1810 65 66 8
1824 44 57 13
1904 45 58 12
1984 45 59 13
2035 71 61 3
2064 46 60 12
2144 46 61 13
2170 64 65 8
2224 47 62 12
2275 71 60 3
2304 47 63 13
2384 48 64 12
2464 48 65 13
2510 66 60 3
2530 62 64 8
2544 49 66 12
2624 49 67 13
2626 67 60 3
2704 50 68 12
2784 50 69 13
2864 51 70 12
2866 68 60 3
2890 60 63 8
2944 51 71 13
3024 52 72 12
3104 52 73 13
3106 69 60 3
3184 53 74 12
3250 58 62 8
3264 53 75 13
3346 70 60 3
3424 54 74 12
3504 54 73 12
3586 71 60 3
3584 54 72 12
3610 58 61 8
3664 54 71 12
3744 54 70 12
3824 54 69 12
3826 72 60 3
3904 54 68 12
3970 59 60 8
3984 54 67 12
4064 54 66 12
4066 73 60 3
4144 54 65 12
4224 54 64 12
4304 54 63 12
4306 74 60 3
4330 61 59 8
4384 54 62 12
4464 54 61 12
4544 54 60 12
4546 75 60 3
4624 54 59 12
4690 63 58 9
4704 54 58 12
4784 54 57 12
4786 76 60 3
4864 54 56 12
4944 54 55 12
5009 44 75 12
5010 57 71 9
5010 71 70 3
5089 44 74 12
5115 71 69 3
5169 44 73 12
5249 44 72 12
5329 44 71 12
5355 71 68 3
5370 59 70 8
5409 44 70 12
5489 44 69 12
5569 44 68 12
5595 71 67 3
5649 44 67 12
5729 44 66 12
5730 61 69 8
5809 44 65 12
5835 71 66 3
5889 44 64 12
5969 44 63 12
6049 44 62 12
6075 71 65 3
6090 63 68 8
6129 44 61 12
6209 44 60 12
6289 44 59 12
6315 71 64 3
6369 44 58 12
6449 44 57 12
6450 65 67 8
6529 44 56 12
6555 71 63 3
6609 44 55 12
6744 44 56 12
6795 71 62 3
6810 65 66 8
6824 44 57 13
6904 45 58 12
6984 45 59 13
7035 71 61 3
7064 46 60 12
7144 46 61 13
7170 64 65 8
7224 47 62 12
7275 71 60 3
7304 47 63 13
7384 48 64 12
7464 48 65 13
7510 66 60 3
7530 62 64 8
7544 49 66 12
7624 49 67 13
7626 67 60 3
7704 50 68 12
7784 50 69 13
7864 51 70 12
7866 68 60 3
7890 60 63 8
7944 51 71 13
8024 52 72 12
8104 52 73 13
8106 69 60 3
8184 53 74 12
8250 58 62 8
8264 53 75 13
8346 70 60 3
8424 54 74 12
8504 54 73 12
8584 54 72 12
8586 71 60 3
8610 58 61 8
8664 54 71 12
8744 54 70 12
8824 54 69 12
8826 72 60 3
8904 54 68 12
8970 59 60 8
8984 54 67 12
9064 54 66 12
9066 73 60 3
9144 54 65 12
9224 54 64 12
9304 54 63 12
9306 74 60 3
9330 61 59 8
9384 54 62 12
9464 54 61 12
9544 54 60 12
9546 75 60 3
9624 54 59 12
9690 63 58 9
9704 54 58 12
9784 54 57 12
9786 76 60 3
9864 54 56 12
9944 54 55 12
10009 44 75 12
10010 57 71 9
10010 71 70 3
10089 44 74 12
10115 71 69 3
10169 44 73 12
10249 44 72 12
10329 44 71 12
10355 71 68 3
10370 59 70 8
10409 44 70 12
10489 44 69 12
10569 44 68 12
10595 71 67 3
10649 44 67 12
10729 44 66 12
10730 61 69 8
10809 44 65 12
10835 71 66 3
10889 44 64 12
10969 44 63 12
11049 44 62 12
11075 71 65 3
11090 63 68 8
11129 44 61 12
11209 44 60 12
11289 44 59 12
11315 71 64 3
11369 44 58 12
11449 44 57 12
11450 65 67 8
11529 44 56 12
11555 71 63 3
11609 44 55 12
11744 44 56 12
11795 71 62 3
11810 65 66 8
11824 44 57 13
11904 45 58 12
11984 45 59 13
12035 71 61 3
12064 46 60 12
12144 46 61 13
12170 64 65 8
12224 47 62 12
12275 71 60 3
12304 47 63 13
12384 48 64 12
12464 48 65 13
12510 66 60 3
12530 62 64 8
12544 49 66 12
12624 49 67 13
12626 67 60 3
12704 50 68 12
12784 50 69 13
12864 51 70 12
12866 68 60 3
12890 60 63 8
12944 51 71 13
13024 52 72 12
13104 52 73 13
13106 69 60 3
13184 53 74 12
13250 58 62 8
13264 53 75 13
13346 70 60 3
13424 54 74 12
13504 54 73 12
13584 54 72 12
13586 71 60 3
13610 58 61 8
13664 54 71 12
13744 54 70 12
13824 54 69 12
13826 72 60 3
13904 54 68 12
13970 59 60 8
13984 54 67 12
14064 54 66 12
14066 73 60 3
14144 54 65 12
14224 54 64 12
14304 54 63 12
14306 74 60 3
14330 61 59 8
14384 54 62 12
14464 54 61 12
14544 54 60 12
14546 75 60 3
14624 54 59 12
14690 63 58 9
14704 54 58 12
14784 54 57 12
14786 76 60 3
14864 54 56 12
14944 54 55 12
15009 44 75 12
15010 57 71 9
15010 71 70 3
15089 44 74 12
15115 71 69 3
15169 44 73 12
15249 44 72 12
15329 44 71 12
15355 71 68 3
15370 59 70 8
15409 44 70 12
15489 44 69 12
15569 44 68 12
15595 71 67 3
15649 44 67 12
15729 44 66 12
15730 61 69 8
15809 44 65 12
15835 71 66 3
15889 44 64 12
15969 44 63 12
16049 44 62 12
16075 71 65 3
16090 63 68 8
16129 44 61 12
16209 44 60 12
16289 44 59 12
16315 71 64 3
16369 44 58 12
16449 44 57 12
16450 65 67 8
16529 44 56 12
16555 71 63 3
16609 44 55 12
16744 44 56 12
16795 71 62 3
16810 65 66 8
16824 44 57 13
16904 45 58 12
16984 45 59 13
17035 71 61 3
17064 46 60 12
17144 46 61 13
17170 64 65 8
17224 47 62 12
17275 71 60 3
17304 47 63 13
17384 48 64 12
17464 48 65 13
17510 66 60 3
17530 62 64 8
17544 49 66 12
17624 49 67 13
17626 67 60 3
17704 50 68 12
17784 50 69 13
17864 51 70 12
17866 68 60 3
17890 60 63 8
17944 51 71 13
18024 52 72 12
18104 52 73 13
18106 69 60 3
18184 53 74 12
18250 58 62 8
18264 53 75 13
18346 70 60 3
18424 54 74 12
18504 54 73 12
18584 54 72 12
18586 71 60 3
18610 58 61 8
18664 54 71 12
18744 54 70 12
18824 54 69 12
18826 72 60 3
18904 54 68 12
18970 59 60 8
18984 54 67 12
19064 54 66 12
19066 73 60 3
19144 54 65 12
19224 54 64 12
19304 54 63 12
19306 74 60 3
19330 61 59 8
19384 54 62 12
19464 54 61 12
19544 54 60 12
19546 75 60 3
19624 54 59 12
19690 63 58 9
19704 54 58 12
19784 54 57 12
19786 76 60 3
19864 54 56 12
19944 54 55 12
20009 44 75 12
20010 57 71 9
20010 71 70 3
20089 44 74 12
20115 71 69 3
20169 44 73 12
20249 44 72 12
20329 44 71 12
20355 71 68 3
20370 59 70 8
20409 44 70 12
20489 44 69 12
20569 44 68 12
20595 71 67 3
20649 44 67 12
20729 44 66 12
20730 61 69 8
20809 44 65 12
20835 71 66 3
20889 44 64 12
20969 44 63 12
21049 44 62 12
21075 71 65 3
21090 63 68 8
21129 44 61 12
21209 44 60 12
21289 44 59 12
21315 71 64 3
21369 44 58 12
21449 44 57 12
21450 65 67 8
21529 44 56 12
21555 71 63 3
21609 44 55 12
21744 44 56 12
21795 71 62 3
21810 65 66 8
21824 44 57 13
21904 45 58 12
21984 45 59 13
22035 71 61 3
22064 46 60 12
22144 46 61 13
22170 64 65 8
22224 47 62 12
22275 71 60 3
22304 47 63 13
22384 48 64 12
22464 48 65 13
22510 66 60 3
22530 62 64 8
22544 49 66 12
22624 49 67 13
22626 67 60 3
22704 50 68 12
22784 50 69 13
22864 51 70 12
22866 68 60 3
22890 60 63 8
22944 51 71 13
23024 52 72 12
23104 52 73 13
23106 69 60 3
23184 53 74 12
23250 58 62 8
23264 53 75 13
23346 70 60 3
23424 54 74 12
23504 54 73 12
23584 54 72 12
23586 71 60 3
23610 58 61 8
23664 54 71 12
23744 54 70 12
23824 54 69 12
23826 72 60 3
23904 54 68 12
23970 59 60 8
23984 54 67 12
24064 54 66 12
24066 73 60 3
24144 54 65 12
24224 54 64 12
24304 54 63 12
24306 74 60 3
24330 61 59 8
24384 54 62 12
24464 54 61 12
24544 54 60 12
24546 75 60 3
24624 54 59 12
24690 63 58 9
24704 54 58 12
24784 54 57 12
24786 76 60 3
24864 54 56 12
24944 54 55 12
25009 44 75 12
25010 57 71 9
25010 71 70 3
25089 44 74 12
25115 71 69 3
25169 44 73 12
25249 44 72 12
25329 44 71 12
25355 71 68 3
25370 59 70 8
25409 44 70 12
25489 44 69 12
25569 44 68 12
25595 71 67 3
25649 44 67 12
25729 44 66 12
25730 61 69 8
25809 44 65 12
25835 71 66 3
25889 44 64 12
25969 44 63 12
26049 44 62 12
26075 71 65 3
26090 63 68 8
26129 44 61 12
26209 44 60 12
26289 44 59 12
26315 71 64 3
26369 44 58 12
26449 44 57 12
26450 65 67 8
26529 44 56 12
26555 71 63 3
26609 44 55 12
26744 44 56 12
26795 71 62 3
26810 65 66 8
26824 44 57 13
26904 45 58 12
26984 45 59 13
27035 71 61 3
27064 46 60 12
27144 46 61 13
27170 64 65 8
27225 47 62 12
27275 71 60 3
27305 47 63 13
27385 48 64 12
27465 48 65 13
27510 66 60 3
27530 62 64 8
27544 49 66 12
27626 67 60 3
27624 49 67 13
27704 50 68 12
27784 50 69 13
27864 51 70 12
27866 68 60 3
27890 60 63 8
27944 51 71 13
28024 52 72 12
28104 52 73 13
28106 69 60 3
28184 53 74 12
28250 58 62 8
28264 53 75 13
28346 70 60 3
28424 54 74 12
28504 54 73 12
28584 54 72 12
28586 71 60 3
28610 58 61 8
28664 54 71 12
28744 54 70 12
28824 54 69 12
28826 72 60 3
28904 54 68 12
28970 59 60 8
28984 54 67 12
29064 54 66 12
29066 73 60 3
29144 54 65 12
29224 54 64 12
29304 54 63 12
29306 74 60 3
29330 61 59 8
29384 54 62 12
29464 54 61 12
29544 54 60 12
29546 75 60 3
29624 54 59 12
29690 63 58 9
29704 54 58 12
29784 54 57 12
29786 76 60 3
29864 54 56 12
29944 54 55 12
30009 44 75 12
30010 57 71 9
30010 71 70 3
30089 44 74 12
30115 71 69 3
30169 44 73 12
30249 44 72 12
30329 44 71 12
30355 71 68 3
30370 59 70 8
30409 44 70 12
30489 44 69 12
30569 44 68 12
30595 71 67 3
30649 44 67 12
30729 44 66 12
30730 61 69 8
30809 44 65 12
30835 71 66 3
30889 44 64 12
30969 44 63 12
31049 44 62 12
31075 71 65 3
31090 63 68 8
31129 44 61 12
31209 44 60 12
31289 44 59 12
31315 71 64 3
31369 44 58 12
31449 44 57 12
31450 65 67 8
31529 44 56 12
31555 71 63 3
31609 44 55 12
31744 44 56 12
31795 71 62 3
31810 65 66 8
31824 44 57 13
31904 45 58 12
31984 45 59 13
32035 71 61 3
32064 46 60 12
32144 46 61 13
32170 64 65 8
32225 47 62 12
32275 71 60 3
32305 47 63 13
32385 48 64 12
32465 48 65 13
32510 66 60 3
32530 62 64 8
32544 49 66 12
32624 49 67 13
32626 67 60 3
32704 50 68 12
32784 50 69 13
32864 51 70 12
32866 68 60 3
32890 60 63 8
32944 51 71 13
33024 52 72 12
33104 52 73 13
33106 69 60 3
33184 53 74 12
33250 58 62 8
33264 53 75 13
33346 70 60 3
33424 54 74 12
33504 54 73 12
33584 54 72 12
33586 71 60 3
33610 58 61 8
33664 54 71 12
33744 54 70 12
33826 72 60 3
33824 54 69 12
33904 54 68 12
33970 59 60 8
33984 54 67 12
34064 54 66 12
34066 73 60 3
34144 54 65 12
34224 54 64 12
34304 54 63 12
34306 74 60 3
34330 61 59 8
34384 54 62 12
34464 54 61 12
34544 54 60 12
34546 75 60 3
34624 54 59 12
34690 63 58 9
34704 54 58 12
34784 54 57 12
34786 76 60 3
34864 54 56 12
34944 54 55 12
35009 44 75 12
35010 57 71 9
35010 71 70 3
35089 44 74 12
35115 71 69 3
35169 44 73 12
35249 44 72 12
35329 44 71 12
35355 71 68 3
35370 59 70 8
35409 44 70 12
35489 44 69 12
35569 44 68 12
35595 71 67 3
35649 44 67 12
35729 44 66 12
35730 61 69 8
35809 44 65 12
35835 71 66 3
35889 44 64 12
35969 44 63 12
36049 44 62 12
36075 71 65 3
36090 63 68 8
36129 44 61 12
36209 44 60 12
36289 44 59 12
36315 71 64 3
36369 44 58 12
36449 44 57 12
36450 65 67 8
36529 44 56 12
36555 71 63 3
36609 44 55 12
36744 44 56 12
36795 71 62 3
36810 65 66 8
36824 44 57 13
36904 45 58 12
36984 45 59 13
37035 71 61 3
37064 46 60 12
37144 46 61 13
37170 64 65 8
37224 47 62 12
37275 71 60 3
37304 47 63 13
37384 48 64 12
37464 48 65 13
37510 66 60 3
37530 62 64 8
37544 49 66 12
37624 49 67 13
37626 67 60 3
37704 50 68 12
37784 50 69 13
37864 51 70 12
37866 68 60 3
37890 60 63 8
37944 51 71 13
38024 52 72 12
38104 52 73 13
38106 69 60 3
38184 53 74 12
38250 58 62 8
38264 53 75 13
38346 70 60 3
38424 54 74 12
38504 54 73 12
38584 54 72 12
38586 71 60 3
38610 58 61 8
38664 54 71 12
38744 54 70 12
38824 54 69 12
38826 72 60 3
38904 54 68 12
38970 59 60 8
38984 54 67 12
39064 54 66 12
39066 73 60 3
39144 54 65 12
39224 54 64 12
39304 54 63 12
39306 74 60 3
39330 61 59 8
39384 54 62 12
39464 54 61 12
39544 54 60 12
39546 75 60 3
39624 54 59 12
39690 63 58 9
39704 54 58 12
39784 54 57 12
39786 76 60 3
39864 54 56 12
39944 54 55 12
40009 44 75 12
40010 57 71 9
40010 71 70 3
40089 44 74 12
40115 71 69 3
40169 44 73 12
40249 44 72 12
40329 44 71 12
40355 71 68 3
40370 59 70 8
40409 44 70 12
40489 44 69 12
40569 44 68 12
40595 71 67 3
40649 44 67 12
40729 44 66 12
40730 61 69 8
40809 44 65 12
40835 71 66 3
40889 44 64 12
40969 44 63 12
41049 44 62 12
41075 71 65 3
41090 63 68 8
41129 44 61 12
41209 44 60 12
41289 44 59 12
41315 71 64 3
41369 44 58 12
41449 44 57 12
41450 65 67 8
41529 44 56 12
41555 71 63 3
41609 44 55 12
41744 44 56 12
41795 71 62 3
41810 65 66 8
41824 44 57 13
41904 45 58 12
41984 45 59 13
42035 71 61 3
42064 46 60 12
42144 46 61 13
42170 64 65 8
42224 47 62 12
42275 71 60 3
42304 47 63 13
42384 48 64 12
42464 48 65 13
42510 66 60 3
42530 62 64 8
42544 49 66 12
42624 49 67 13
42626 67 60 3
42704 50 68 12
42784 50 69 13
42864 51 70 12
42866 68 60 3
42890 60 63 8
42944 51 71 13
43024 52 72 12
43104 52 73 13
43106 69 60 3
43184 53 74 12
43250 58 62 8
43264 53 75 13
43346 70 60 3
43424 54 74 12
43504 54 73 12
43584 54 72 12
43586 71 60 3
43610 58 61 8
43664 54 71 12
43744 54 70 12
43824 54 69 12
43826 72 60 3
43904 54 68 12
43970 59 60 8
43984 54 67 12
44064 54 66 12
44066 73 60 3
44144 54 65 12
44224 54 64 12
44304 54 63 12
44306 74 60 3
44330 61 59 8
44384 54 62 12
44464 54 61 12
44544 54 60 12
44546 75 60 3
44624 54 59 12
44690 63 58 9
44704 54 58 12
44784 54 57 12
44786 76 60 3
44864 54 56 12
44944 54 55 12
45009 44 75 12
45010 57 71 9
45010 71 70 3
45089 44 74 12
45115 71 69 3
45169 44 73 12
45249 44 72 12
45329 44 71 12
45355 71 68 3
45370 59 70 8
45409 44 70 12
45489 44 69 12
45569 44 68 12
45595 71 67 3
45649 44 67 12
45729 44 66 12
45730 61 69 8
45809 44 65 12
45835 71 66 3
45889 44 64 12
45969 44 63 12
46049 44 62 12
46075 71 65 3
46090 63 68 8
46129 44 61 12
46209 44 60 12
46289 44 59 12
46315 71 64 3
46369 44 58 12
46449 44 57 12
46450 65 67 8
46529 44 56 12
46555 71 63 3
46609 44 55 12
46744 44 56 12
46795 71 62 3
46810 65 66 8
46824 44 57 13
46904 45 58 12
46984 45 59 13
47035 71 61 3
47064 46 60 12
47144 46 61 13
47170 64 65 8
47224 47 62 12
47275 71 60 3
47304 47 63 13
47384 48 64 12
47464 48 65 13
47510 66 60 3
47530 62 64 8
47544 49 66 12
47624 49 67 13
47626 67 60 3
47704 50 68 12
47784 50 69 13
47864 51 70 12
47866 68 60 3
47890 60 63 8
47944 51 71 13
48024 52 72 12
48104 52 73 13
48106 69 60 3
48184 53 74 12
48250 58 62 8
48264 53 75 13
48346 70 60 3
48424 54 74 12
48504 54 73 12
48584 54 72 12
48586 71 60 3
48610 58 61 8
48664 54 71 12
48744 54 70 12
48824 54 69 12
48826 72 60 3
48904 54 68 12
48970 59 60 8
48984 54 67 12
49064 54 66 12
49066 73 60 3
49144 54 65 12
49224 54 64 12
49304 54 63 12
49306 74 60 3
49330 61 59 8
49384 54 62 12
49464 54 61 12
49544 54 60 12
49546 75 60 3
49624 54 59 12
49690 63 58 9
49704 54 58 12
49784 54 57 12
49786 76 60 3
49864 54 56 12
49944 54 55 12
