9 44 75 12
10 57 71 9
10 71 70 3
89 44 74 12
115 71 69 3
169 44 73 12
249 44 72 12
329 44 71 12
355 71 68 3
370 59 70 8
409 44 70 12
489 44 69 12
569 44 68 12
595 71 67 3
649 44 67 12
729 44 66 12
730 61 69 8
809 44 65 12
835 71 66 3
889 44 64 12
969 44 63 12
1049 44 62 12
1075 71 65 3
1090 63 68 8
1129 44 61 12
1209 44 60 12
1289 44 59 12
1315 71 64 3
1369 44 58 12
1449 44 57 12
1450 65 67 8
1529 44 56 12
1555 71 63 3
1609 44 55 12
1744 44 56 12
1795 71 62 3
1810 65 66 8
1824 44 57 13
1904 45 58 12
1984 45 59 13
2035 71 61 3
2064 46 60 12
2144 46 61 13
2170 64 65 8
2224 47 62 12
2275 71 60 3
2304 47 63 13
2384 48 64 12
2464 48 65 13
2510 66 60 3
2530 62 64 8
2544 49 66 12
2624 49 67 13
2626 67 60 3
2704 50 68 12
2784 50 69 13
2864 51 70 12
2866 68 60 3
2890 60 63 8
2944 51 71 13
3024 52 72 12
3104 52 73 13
3106 69 60 3
3184 53 74 12
3250 58 62 8
3264 53 75 13
3346 70 60 3
3424 54 74 12
3504 54 73 12
3586 71 60 3
3584 54 72 12
3610 58 61 8
3664 54 71 12
3744 54 70 12
3824 54 69 12
3826 72 60 3
3904 54 68 12
3970 59 60 8
3984 54 67 12
4064 54 66 12
4066 73 60 3
4144 54 65 12
4224 54 64 12
4304 54 63 12
4306 74 60 3
4330 61 59 8
4384 54 62 12
4464 54 61 12
4544 54 60 12
4546 75 60 3
4624 54 59 12
4690 63 58 9
4704 54 58 12
4784 54 57 12
4786 76 60 3
4864 54 56 12
4944 54 55 12