94 49 64 0
254 50 65 0
390 51 65 1
419 51 66 1
510 52 66 1
579 52 67 1
613 53 67 1
710 54 67 1
734 54 68 1
799 55 68 1
885 56 68 1
889 56 69 1
957 57 69 1
1032 58 69 1
1038 58 70 1
1050 58 70 1
1099 59 70 1
1167 60 70 1
1188 60 71 1
1202 60 71 1
1232 61 71 1
1299 62 71 1
1349 62 72 2
1415 64 72 1
1464 65 72 1
1519 66 72 1
1528 66 73 1
1541 66 73 1
1567 67 73 1
1614 68 73 1
1664 69 73 1
1709 70 73 1
1754 71 73 1
1797 72 73 2
1844 73 73 2
1887 74 73 2
1944 75 73 2
1994 76 73 2
2029 76 72 3
2084 77 72 3
2124 78 71 2
2194 78 70 3
2249 78 69 3
2294 78 68 3
2339 78 67 3
2379 78 66 3
2387 77 66 3
2394 78 66 3
2401 77 66 3
2418 77 65 3
2431 77 65 3
2446 76 65 3
2458 76 64 3
2459 76 65 3
2469 76 64 3
2494 75 63 3
2529 74 62 3
2564 73 61 3
2589 72 61 3
2603 72 60 3
2616 72 60 3
2618 71 60 3
2629 71 60 3
2644 70 59 3
2672 69 59 3
2683 69 58 3
2696 69 58 3
2698 68 58 3
2709 68 58 3
2721 67 58 3
2728 67 57 3
2732 67 58 3
2738 67 57 3
2745 66 57 3
2755 66 57 3
2774 65 56 3
2797 64 56 3
2822 63 56 3
2828 63 55 3
2837 63 56 3
2839 63 55 3
2851 62 55 3
2878 61 55 3
2899 60 54 3
2933 59 54 3
2957 58 54 3
2988 57 54 3
2994 57 53 2
3028 56 53 2
3052 55 53 2
3094 54 53 2
3119 53 53 2
3157 52 53 2
3198 51 53 2
3242 50 53 2
3304 49 53 2
3365 48 53 2
3441 47 53 2
3494 47 54 1
3675 45 55 2
3835 45 56 1
3985 45 57 1
4135 45 58 1
4290 45 59 1
4445 45 60 1
4604 46 61 1
4769 47 62 1
4929 48 63 0
5009 48 63 1
5094 49 64 0
5254 50 65 0
5390 51 65 1
5419 51 66 1
5510 52 66 1
5579 52 67 1
5613 53 67 1
5710 54 67 1
5734 54 68 1
5799 55 68 1
5885 56 68 1
5889 56 69 1
5957 57 69 1
6032 58 69 1
6038 58 70 1
6050 58 70 1
6099 59 70 1
6167 60 70 1
6188 60 71 1
6202 60 71 1
6232 61 71 1
6299 62 71 1
6349 62 72 2
6415 64 72 1
6464 65 72 1
6519 66 72 1
6528 66 73 1
6541 66 73 1
6567 67 73 1
6614 68 73 1
6664 69 73 1
6709 70 73 1
6754 71 73 1
6797 72 73 2
6844 73 73 2
6887 74 73 2
6944 75 73 2
6994 76 73 2
7029 76 72 3
7084 77 72 3
7124 78 71 2
7194 78 70 3
7249 78 69 3
7294 78 68 3
7339 78 67 3
7379 78 66 3
7387 77 66 3
7394 78 66 3
7401 77 66 3
7418 77 65 3
7431 77 65 3
7446 76 65 3
7458 76 64 3
7459 76 65 3
7469 76 64 3
7494 75 63 3
7529 74 62 3
7564 73 61 3
7589 72 61 3
7603 72 60 3
7616 72 60 3
7618 71 60 3
7629 71 60 3
7644 70 59 3
7672 69 59 3
7683 69 58 3
7696 69 58 3
7698 68 58 3
7709 68 58 3
7721 67 58 3
7728 67 57 3
7732 67 58 3
7738 67 57 3
7745 66 57 3
7755 66 57 3
7774 65 56 3
7797 64 56 3
7822 63 56 3
7828 63 55 3
7837 63 56 3
7839 63 55 3
7851 62 55 3
7878 61 55 3
7899 60 54 3
7933 59 54 3
7957 58 54 3
7988 57 54 3
7994 57 53 2
8028 56 53 2
8052 55 53 2
8094 54 53 2
8119 53 53 2
8157 52 53 2
8198 51 53 2
8242 50 53 2
8304 49 53 2
8365 48 53 2
8440 47 53 2
8494 47 54 1
8674 45 55 2
8834 45 56 1
8984 45 57 1
9134 45 58 1
9289 45 59 1
9444 45 60 1
9604 46 61 1
9769 47 62 1
9929 48 63 0
10009 48 63 1
10094 49 64 0
10254 50 65 0
10390 51 65 1
10419 51 66 1
10510 52 66 1
10579 52 67 1
10613 53 67 1
10710 54 67 1
10734 54 68 1
10799 55 68 1
10885 56 68 1
10889 56 69 1
10957 57 69 1
11032 58 69 1
11038 58 70 1
11050 58 70 1
11099 59 70 1
11167 60 70 1
11188 60 71 1
11202 60 71 1
11232 61 71 1
11299 62 71 1
11349 62 72 2
11415 64 72 1
11464 65 72 1
11519 66 72 1
11528 66 73 1
11541 66 73 1
11567 67 73 1
11614 68 73 1
11664 69 73 1
11709 70 73 1
11754 71 73 1
11797 72 73 2
11844 73 73 2
11887 74 73 2
11944 75 73 2
11994 76 73 2
12029 76 72 3
12084 77 72 3
12124 78 71 2
12194 78 70 3
12249 78 69 3
12294 78 68 3
12339 78 67 3
12379 78 66 3
12387 77 66 3
12394 78 66 3
12401 77 66 3
12418 77 65 3
12431 77 65 3
12446 76 65 3
12458 76 64 3
12459 76 65 3
12469 76 64 3
12494 75 63 3
12529 74 62 3
12564 73 61 3
12589 72 61 3
12603 72 60 3
12616 72 60 3
12618 71 60 3
12629 71 60 3
12644 70 59 3
12672 69 59 3
12683 69 58 3
12696 69 58 3
12698 68 58 3
12709 68 58 3
12721 67 58 3
12728 67 57 3
12732 67 58 3
12738 67 57 3
12745 66 57 3
12755 66 57 3
12774 65 56 3
12797 64 56 3
12822 63 56 3
12828 63 55 3
12837 63 56 3
12839 63 55 3
12851 62 55 3
12878 61 55 3
12899 60 54 3
12933 59 54 3
12957 58 54 3
12988 57 54 3
12994 57 53 2
13028 56 53 2
13052 55 53 2
13094 54 53 2
13119 53 53 2
13157 52 53 2
13198 51 53 2
13242 50 53 2
13304 49 53 2
13365 48 53 2
13440 47 53 2
13494 47 54 1
13674 45 55 2
13834 45 56 1
13984 45 57 1
14134 45 58 1
14289 45 59 1
14444 45 60 1
14604 46 61 1
14769 47 62 1
14929 48 63 0
15009 48 63 1
15094 49 64 0
15254 50 65 0
15390 51 65 1
15419 51 66 1
15510 52 66 1
15579 52 67 1
15613 53 67 1
15710 54 67 1
15734 54 68 1
15799 55 68 1
15885 56 68 1
15889 56 69 1
15957 57 69 1
16032 58 69 1
16038 58 70 1
16050 58 70 1
16099 59 70 1
16167 60 70 1
16188 60 71 1
16202 60 71 1
16232 61 71 1
16299 62 71 1
16349 62 72 2
16415 64 72 1
16464 65 72 1
16519 66 72 1
16528 66 73 1
16541 66 73 1
16567 67 73 1
16614 68 73 1
16664 69 73 1
16709 70 73 1
16754 71 73 1
16797 72 73 2
16844 73 73 2
16887 74 73 2
16944 75 73 2
16994 76 73 2
17029 76 72 3
17084 77 72 3
17124 78 71 2
17194 78 70 3
17249 78 69 3
17294 78 68 3
17339 78 67 3
17379 78 66 3
17387 77 66 3
17394 78 66 3
17401 77 66 3
17418 77 65 3
17431 77 65 3
17446 76 65 3
17458 76 64 3
17459 76 65 3
17469 76 64 3
17494 75 63 3
17529 74 62 3
17564 73 61 3
17589 72 61 3
17603 72 60 3
17616 72 60 3
17618 71 60 3
17629 71 60 3
17644 70 59 3
17672 69 59 3
17683 69 58 3
17696 69 58 3
17698 68 58 3
17709 68 58 3
17721 67 58 3
17728 67 57 3
17732 67 58 3
17738 67 57 3
17745 66 57 3
17755 66 57 3
17774 65 56 3
17797 64 56 3
17822 63 56 3
17828 63 55 3
17837 63 56 3
17839 63 55 3
17851 62 55 3
17878 61 55 3
17899 60 54 3
17933 59 54 3
17957 58 54 3
17988 57 54 3
17994 57 53 2
18028 56 53 2
18052 55 53 2
18094 54 53 2
18119 53 53 2
18157 52 53 2
18198 51 53 2
18242 50 53 2
18304 49 53 2
18365 48 53 2
18440 47 53 2
18494 47 54 1
18674 45 55 2
18834 45 56 1
18984 45 57 1
19134 45 58 1
19289 45 59 1
19444 45 60 1
19604 46 61 1
19769 47 62 1
19929 48 63 0
20009 48 63 1
20094 49 64 0
20254 50 65 0
20390 51 65 1
20419 51 66 1
20510 52 66 1
20579 52 67 1
20613 53 67 1
20710 54 67 1
20734 54 68 1
20799 55 68 1
20885 56 68 1
20889 56 69 1
20957 57 69 1
21032 58 69 1
21038 58 70 1
21050 58 70 1
21099 59 70 1
21167 60 70 1
21188 60 71 1
21202 60 71 1
21232 61 71 1
21299 62 71 1
21349 62 72 2
21415 64 72 1
21464 65 72 1
21519 66 72 1
21528 66 73 1
21541 66 73 1
21567 67 73 1
21614 68 73 1
21664 69 73 1
21709 70 73 1
21754 71 73 1
21797 72 73 2
21844 73 73 2
21887 74 73 2
21944 75 73 2
21994 76 73 2
22029 76 72 3
22084 77 72 3
22124 78 71 2
22194 78 70 3
22249 78 69 3
22294 78 68 3
22339 78 67 3
22379 78 66 3
22387 77 66 3
22394 78 66 3
22401 77 66 3
22418 77 65 3
22431 77 65 3
22446 76 65 3
22458 76 64 3
22459 76 65 3
22469 76 64 3
22494 75 63 3
22529 74 62 3
22564 73 61 3
22589 72 61 3
22603 72 60 3
22616 72 60 3
22618 71 60 3
22629 71 60 3
22644 70 59 3
22672 69 59 3
22683 69 58 3
22696 69 58 3
22698 68 58 3
22709 68 58 3
22721 67 58 3
22728 67 57 3
22732 67 58 3
22738 67 57 3
22745 66 57 3
22755 66 57 3
22774 65 56 3
22797 64 56 3
22822 63 56 3
22828 63 55 3
22837 63 56 3
22839 63 55 3
22851 62 55 3
22878 61 55 3
22899 60 54 3
22933 59 54 3
22957 58 54 3
22988 57 54 3
22994 57 53 2
23028 56 53 2
23052 55 53 2
23094 54 53 2
23120 53 53 2
23158 52 53 2
23198 51 53 2
23242 50 53 2
23304 49 53 2
23365 48 53 2
23440 47 53 2
23494 47 54 1
23674 45 55 2
23834 45 56 1
23984 45 57 1
24134 45 58 1
24289 45 59 1
24444 45 60 1
24604 46 61 1
24769 47 62 1
24929 48 63 0
25009 48 63 1
25094 49 64 0
25254 50 65 0
25391 51 65 1
25420 51 66 1
25511 52 66 1
25580 52 67 1
25614 53 67 1
25710 54 67 1
25734 54 68 1
25799 55 68 1
25885 56 68 1
25889 56 69 1
25957 57 69 1
26032 58 69 1
26038 58 70 1
26050 58 70 1
26099 59 70 1
26167 60 70 1
26188 60 71 1
26202 60 71 1
26232 61 71 1
26299 62 71 1
26349 62 72 2
26415 64 72 1
26464 65 72 1
26519 66 72 1
26528 66 73 1
26541 66 73 1
26567 67 73 1
26614 68 73 1
26664 69 73 1
26709 70 73 1
26754 71 73 1
26797 72 73 2
26844 73 73 2
26887 74 73 2
26944 75 73 2
26994 76 73 2
27029 76 72 3
27084 77 72 3
27124 78 71 2
27194 78 70 3
27249 78 69 3
27294 78 68 3
27339 78 67 3
27379 78 66 3
27387 77 66 3
27394 78 66 3
27401 77 66 3
27418 77 65 3
27431 77 65 3
27446 76 65 3
27458 76 64 3
27459 76 65 3
27469 76 64 3
27494 75 63 3
27529 74 62 3
27564 73 61 3
27589 72 61 3
27603 72 60 3
27616 72 60 3
27618 71 60 3
27629 71 60 3
27644 70 59 3
27672 69 59 3
27683 69 58 3
27696 69 58 3
27698 68 58 3
27709 68 58 3
27721 67 58 3
27728 67 57 3
27732 67 58 3
27738 67 57 3
27745 66 57 3
27755 66 57 3
27774 65 56 3
27797 64 56 3
27822 63 56 3
27828 63 55 3
27837 63 56 3
27839 63 55 3
27851 62 55 3
27878 61 55 3
27899 60 54 3
27933 59 54 3
27957 58 54 3
27988 57 54 3
27994 57 53 2
28028 56 53 2
28052 55 53 2
28094 54 53 2
28119 53 53 2
28157 52 53 2
28197 51 53 2
28242 50 53 2
28304 49 53 2
28365 48 53 2
28440 47 53 2
28494 47 54 1
28674 45 55 2
28834 45 56 1
28984 45 57 1
29134 45 58 1
29289 45 59 1
29444 45 60 1
29604 46 61 1
29769 47 62 1
29929 48 63 0
30009 48 63 1
30094 49 64 0
30254 50 65 0
30391 51 65 1
30420 51 66 1
30511 52 66 1
30580 52 67 1
30614 53 67 1
30710 54 67 1
30734 54 68 1
30799 55 68 1
30885 56 68 1
30889 56 69 1
30957 57 69 1
31032 58 69 1
31038 58 70 1
31050 58 70 1
31099 59 70 1
31167 60 70 1
31188 60 71 1
31202 60 71 1
31232 61 71 1
31299 62 71 1
31349 62 72 2
31415 64 72 1
31464 65 72 1
31519 66 72 1
31528 66 73 1
31541 66 73 1
31567 67 73 1
31614 68 73 1
31664 69 73 1
31709 70 73 1
31754 71 73 1
31797 72 73 2
31844 73 73 2
31887 74 73 2
31944 75 73 2
31994 76 73 2
32029 76 72 3
32084 77 72 3
32124 78 71 2
32194 78 70 3
32249 78 69 3
32294 78 68 3
32339 78 67 3
32379 78 66 3
32387 77 66 3
32394 78 66 3
32401 77 66 3
32418 77 65 3
32431 77 65 3
32446 76 65 3
32458 76 64 3
32459 76 65 3
32469 76 64 3
32494 75 63 3
32529 74 62 3
32564 73 61 3
32589 72 61 3
32603 72 60 3
32616 72 60 3
32618 71 60 3
32629 71 60 3
32644 70 59 3
32672 69 59 3
32683 69 58 3
32696 69 58 3
32698 68 58 3
32709 68 58 3
32721 67 58 3
32728 67 57 3
32732 67 58 3
32738 67 57 3
32745 66 57 3
32755 66 57 3
32774 65 56 3
32797 64 56 3
32822 63 56 3
32828 63 55 3
32837 63 56 3
32839 63 55 3
32851 62 55 3
32878 61 55 3
32899 60 54 3
32933 59 54 3
32957 58 54 3
32988 57 54 3
32994 57 53 2
33028 56 53 2
33052 55 53 2
33094 54 53 2
33119 53 53 2
33157 52 53 2
33197 51 53 2
33242 50 53 2
33304 49 53 2
33365 48 53 2
33440 47 53 2
33494 47 54 1
33674 45 55 2
33834 45 56 1
33984 45 57 1
34134 45 58 1
34289 45 59 1
34444 45 60 1
34604 46 61 1
34769 47 62 1
34929 48 63 0
35009 48 63 1
35094 49 64 0
35254 50 65 0
35390 51 65 1
35419 51 66 1
35510 52 66 1
35579 52 67 1
35613 53 67 1
35710 54 67 1
35734 54 68 1
35799 55 68 1
35885 56 68 1
35889 56 69 1
35957 57 69 1
36032 58 69 1
36038 58 70 1
36050 58 70 1
36099 59 70 1
36167 60 70 1
36188 60 71 1
36202 60 71 1
36232 61 71 1
36299 62 71 1
36349 62 72 2
36415 64 72 1
36464 65 72 1
36519 66 72 1
36528 66 73 1
36541 66 73 1
36567 67 73 1
36614 68 73 1
36664 69 73 1
36709 70 73 1
36754 71 73 1
36797 72 73 2
36844 73 73 2
36887 74 73 2
36944 75 73 2
36994 76 73 2
37029 76 72 3
37084 77 72 3
37124 78 71 2
37194 78 70 3
37249 78 69 3
37294 78 68 3
37339 78 67 3
37379 78 66 3
37387 77 66 3
37394 78 66 3
37401 77 66 3
37418 77 65 3
37431 77 65 3
37446 76 65 3
37458 76 64 3
37459 76 65 3
37469 76 64 3
37494 75 63 3
37529 74 62 3
37564 73 61 3
37589 72 61 3
37603 72 60 3
37616 72 60 3
37618 71 60 3
37629 71 60 3
37644 70 59 3
37672 69 59 3
37683 69 58 3
37696 69 58 3
37698 68 58 3
37709 68 58 3
37721 67 58 3
37728 67 57 3
37732 67 58 3
37738 67 57 3
37745 66 57 3
37755 66 57 3
37774 65 56 3
37797 64 56 3
37822 63 56 3
37828 63 55 3
37837 63 56 3
37839 63 55 3
37851 62 55 3
37878 61 55 3
37899 60 54 3
37933 59 54 3
37957 58 54 3
37988 57 54 3
37994 57 53 2
38028 56 53 2
38052 55 53 2
38094 54 53 2
38119 53 53 2
38157 52 53 2
38197 51 53 2
38242 50 53 2
38304 49 53 2
38365 48 53 2
38440 47 53 2
38494 47 54 1
38674 45 55 2
38834 45 56 1
38984 45 57 1
39134 45 58 1
39289 45 59 1
39444 45 60 1
39604 46 61 1
39769 47 62 1
39929 48 63 0
40009 48 63 1
40094 49 64 0
40254 50 65 0
40390 51 65 1
40419 51 66 1
40510 52 66 1
40579 52 67 1
40613 53 67 1
40710 54 67 1
40734 54 68 1
40799 55 68 1
40885 56 68 1
40889 56 69 1
40957 57 69 1
41032 58 69 1
41038 58 70 1
41050 58 70 1
41099 59 70 1
41167 60 70 1
41188 60 71 1
41202 60 71 1
41232 61 71 1
41299 62 71 1
41349 62 72 2
41415 64 72 1
41464 65 72 1
41519 66 72 1
41528 66 73 1
41541 66 73 1
41567 67 73 1
41614 68 73 1
41664 69 73 1
41709 70 73 1
41754 71 73 1
41797 72 73 2
41844 73 73 2
41887 74 73 2
41944 75 73 2
41994 76 73 2
42029 76 72 3
42084 77 72 3
42124 78 71 2
42194 78 70 3
42249 78 69 3
42294 78 68 3
42339 78 67 3
42379 78 66 3
42387 77 66 3
42394 78 66 3
42401 77 66 3
42418 77 65 3
42431 77 65 3
42446 76 65 3
42458 76 64 3
42459 76 65 3
42469 76 64 3
42494 75 63 3
42529 74 62 3
42564 73 61 3
42589 72 61 3
42603 72 60 3
42616 72 60 3
42618 71 60 3
42629 71 60 3
42644 70 59 3
42672 69 59 3
42683 69 58 3
42696 69 58 3
42698 68 58 3
42709 68 58 3
42721 67 58 3
42728 67 57 3
42732 67 58 3
42738 67 57 3
42745 66 57 3
42755 66 57 3
42774 65 56 3
42798 64 56 3
42822 63 56 3
42828 63 55 3
42835 63 56 3
42839 63 55 3
42851 62 55 3
42878 61 55 3
42899 60 54 3
42933 59 54 3
42957 58 54 3
42988 57 54 3
42994 57 53 2
43028 56 53 2
43052 55 53 2
43094 54 53 2
43119 53 53 2
43157 52 53 2
43197 51 53 2
43242 50 53 2
43304 49 53 2
43365 48 53 2
43440 47 53 2
43494 47 54 1
43674 45 55 2
43834 45 56 1
43984 45 57 1
44134 45 58 1
44289 45 59 1
44444 45 60 1
44604 46 61 1
44769 47 62 1
44929 48 63 0
45009 48 63 1
45094 49 64 0
45254 50 65 0
45390 51 65 1
45419 51 66 1
45510 52 66 1
45579 52 67 1
45613 53 67 1
45710 54 67 1
45734 54 68 1
45799 55 68 1
45885 56 68 1
45889 56 69 1
45957 57 69 1
46032 58 69 1
46038 58 70 1
46050 58 70 1
46099 59 70 1
46167 60 70 1
46188 60 71 1
46202 60 71 1
46232 61 71 1
46300 62 71 1
46350 62 72 2
46416 64 72 1
46465 65 72 1
46520 66 72 1
46529 66 73 1
46542 66 73 1
46567 67 73 1
46614 68 73 1
46664 69 73 1
46709 70 73 1
46754 71 73 1
46797 72 73 2
46844 73 73 2
46887 74 73 2
46944 75 73 2
46994 76 73 2
47029 76 72 3
47084 77 72 3
47124 78 71 2
47194 78 70 3
47249 78 69 3
47294 78 68 3
47339 78 67 3
47379 78 66 3
47387 77 66 3
47394 78 66 3
47401 77 66 3
47418 77 65 3
47431 77 65 3
47446 76 65 3
47458 76 64 3
47459 76 65 3
47469 76 64 3
47494 75 63 3
47529 74 62 3
47564 73 61 3
47589 72 61 3
47603 72 60 3
47616 72 60 3
47618 71 60 3
47629 71 60 3
47644 70 59 3
47672 69 59 3
47683 69 58 3
47696 69 58 3
47698 68 58 3
47709 68 58 3
47721 67 58 3
47728 67 57 3
47732 67 58 3
47738 67 57 3
47745 66 57 3
47755 66 57 3
47775 65 56 3
47798 64 56 3
47823 63 56 3
47829 63 55 3
47838 63 56 3
47840 63 55 3
47851 62 55 3
47878 61 55 3
47899 60 54 3
47933 59 54 3
47957 58 54 3
47988 57 54 3
47994 57 53 2
48028 56 53 2
48052 55 53 2
48094 54 53 2
48119 53 53 2
48157 52 53 2
48197 51 53 2
48242 50 53 2
48304 49 53 2
48365 48 53 2
48440 47 53 2
48494 47 54 1
48674 45 55 2
48834 45 56 1
48984 45 57 1
49134 45 58 1
49289 45 59 1
49444 45 60 1
