462 48 46 7
470 56 34 16
473 50 40 22
474 47 38 28
480 45 39 18
482 53 37 19
483 48 36 26
482 56 43 18
482 53 43 21
483 52 42 26
484 52 25 20
485 48 30 23
487 47 24 20
490 57 28 13
501 50 41 10
504 51 45 6
537 49 46 17
544 54 25 19
556 45 40 17
571 55 42 24
575 55 38 10
581 53 26 27
599 49 39 15
629 60 30 14
637 56 43 3
669 55 26 24
687 53 39 11
689 45 41 26
709 57 26 18
732 58 33 13
735 62 35 16
738 49 34 26
742 54 46 26
749 57 27 18
753 49 32 25
773 61 30 13
786 56 29 18
796 54 34 19
800 49 33 25
805 44 47 33
808 52 43 16
811 58 28 22
821 62 36 7
830 51 31 31
838 47 42 17
851 52 44 10
858 57 40 10
863 57 39 11
887 59 46 16
892 54 35 23
899 56 32 18
939 46 43 25
956 54 28 24
958 58 29 25
964 46 38 23
974 57 41 21
980 44 40 24
985 58 29 25
993 46 38 23
998 53 40 14
999 56 42 25
1003 51 31 25
1009 59 39 10
1028 45 44 25
1034 53 29 1
1037 56 32 20
1037 63 38 18
1080 61 37 18
1088 60 29 19
1090 53 50 21
1099 49 36 22
1105 52 26 7
1111 50 25 26
1113 44 42 24
1138 55 50 8
1140 45 45 25
1141 46 40 21
1152 62 36 20
1153 45 41 23
1155 65 38 14
1155 52 44 13
1163 54 28 3
1167 54 33 23
1180 56 30 23
1180 55 46 7
1195 49 45 26
1225 45 52 4
1226 64 40 7
1227 47 41 15
1247 50 38 21
1248 44 42 24
1253 44 43 23
1267 54 51 20
1282 58 31 22
1284 51 37 30
1287 56 30 12
1298 52 47 26
1306 60 43 8
1311 62 33 16
1330 50 37 26
1332 59 34 20
1338 51 46 24
1338 65 41 6
1348 49 39 24
1352 51 47 19
1365 66 42 17
1377 44 44 24
1383 61 35 16
1384 56 46 24
1392 57 33 3
1393 58 51 20
1405 48 41 25
1410 57 33 3
1411 60 45 19
1411 60 45 21
1411 60 45 23
1411 60 45 1
1415 59 50 19
1425 54 36 24
1432 48 40 26
1439 58 33 24
1441 60 38 15
1452 54 36 24
1455 58 49 14
1469 57 34 25
1474 50 40 25
1477 51 47 24
1477 51 47 21
1478 52 39 24
1491 63 35 17
1496 55 48 5
1497 59 45 7
1512 52 38 28
1532 55 53 22
1534 58 35 25
1543 60 52 22
1544 49 51 4
1551 58 47 7
1560 67 39 7
1571 58 47 7
1582 52 40 24
1582 50 42 22
1588 49 50 30
1589 65 43 8
1589 47 43 26
1592 49 42 17
1605 50 42 22
1638 59 34 24
1640 66 40 11
1655 51 41 21
1665 58 55 21
1687 49 43 25
1693 65 44 8
1698 65 36 17
1701 50 42 25
1704 67 45 10
1706 57 54 24
1733 65 36 17
1736 56 37 27
1739 48 45 6
1742 45 47 19
1748 64 46 4
1749 65 36 17
1758 59 48 4
1761 57 49 0
1770 59 54 23
1771 61 38 18
1806 66 42 10
1806 54 41 20
1807 61 46 0
1810 50 44 24
1815 62 55 19
1826 56 39 27
1828 45 47 24
1855 61 44 4
1856 44 48 24
1889 51 41 25
1892 65 37 18
1897 58 52 19
1902 45 47 3
1909 51 44 21
1912 62 36 21
1915 54 42 20
1918 61 53 22
1926 52 43 21
1942 61 37 13
1952 47 47 2
1960 61 31 8
1971 54 52 21
1977 45 48 24
1982 67 41 8
1991 63 43 12
1995 52 42 26
2004 65 38 18
2010 66 44 3
2022 58 40 23
2032 44 49 24
2035 68 43 6
2035 66 43 8
2045 67 42 15
2047 74 54 8
2050 58 40 23
2053 60 41 21
2072 61 55 18
2075 48 48 21
2084 55 43 20
2084 58 39 25
2086 47 47 2
2097 59 40 22
2100 52 45 24
2137 46 48 3
2142 58 55 25
2166 45 49 24
2203 52 45 24
2203 54 45 22
2215 61 56 8
2246 46 49 24
2255 61 40 22
2256 69 43 9
2261 57 54 15
2262 54 44 21
2263 61 39 6
2265 63 57 16
2267 50 28 19
2272 60 55 21
2276 57 56 23
2287 46 47 20
2289 69 45 5
2290 65 49 3
2311 64 41 18
2323 61 55 8
2324 54 43 25
2326 68 44 13
2341 52 46 23
2349 62 57 19
2380 62 42 19
2386 57 44 20
2387 52 53 0
2390 61 57 21
2391 55 45 20
2409 69 49 3
2411 65 43 15
2435 53 44 27
2436 55 43 5
2452 54 45 22
2476 69 45 6
2504 62 52 3
2506 61 58 20
2511 62 56 20
2512 53 47 23
2553 56 50 15
2563 56 45 21
2571 70 47 7
2628 58 45 20
2668 59 33 11
2677 49 49 27
2690 57 46 19
2691 75 55 6
2700 69 48 2
2713 68 47 6
2737 58 46 19
2739 63 45 14
2751 60 43 2
2757 63 44 20
2786 45 50 21
2787 55 46 28
2812 45 52 3
2823 54 28 21
2836 50 50 25
2853 62 54 15
2857 58 46 21
2867 47 49 30
2869 46 59 21
2877 64 43 13
2884 55 56 26
2909 65 41 7
2913 60 55 22
2923 59 58 24
2937 44 52 24
2938 64 42 1
2944 63 43 1
2958 52 47 25
2962 64 46 17
2979 72 49 6
2991 61 55 15
2995 65 45 18
3016 56 56 27
3031 57 58 25
3088 69 46 14
3088 61 45 21
3088 49 51 27
3093 52 48 25
3124 49 59 31
3142 53 50 14
3142 65 21 1
3211 46 52 29
3268 56 50 23
3300 66 44 11
3362 52 43 21
3366 59 57 11
3398 46 51 18
3438 64 57 12
3460 54 52 10
3463 67 49 16
3512 71 51 3
3516 66 45 17
3529 56 58 27
3548 49 65 32
3558 62 63 21
3613 61 63 21
3623 65 56 4
3654 64 55 2
3699 46 47 1
3741 54 53 27
3749 46 54 31
3793 60 50 1
3825 61 65 20
3876 56 59 21
3888 65 58 18
3919 52 79 29
3924 62 65 18
3951 57 53 2
4029 56 61 26
4070 46 48 7
4079 62 63 20
4097 49 54 25
4099 61 65 18
4110 53 48 16
4139 48 55 3
4193 51 53 20
4215 65 52 1
4229 61 65 22
4242 66 54 16
4244 70 53 9
4287 64 52 0
4287 59 52 5
4296 47 49 6
4296 46 49 7
4319 47 56 26
4328 44 58 34
4394 69 54 14
4431 44 52 19
4464 67 54 6
4549 70 45 0
4553 52 50 5
4823 56 55 23
4826 70 54 7
4936 55 52 8
4941 49 53 27
4953 53 55 26
4978 61 54 13
5016 63 54 17
5082 55 55 11
5104 51 48 1
5117 44 56 32
5121 46 54 0
5173 70 53 10
5179 56 54 5
5228 52 55 17
5230 64 53 15
5267 63 51 18
5275 60 66 21
5276 45 56 22
5282 48 55 25
5290 63 52 8
5302 61 65 20
5323 64 59 16
5324 69 54 11
5334 65 48 4
5344 44 51 35
5369 58 65 22
5374 51 54 24
5374 63 57 20
5423 67 59 6
5446 60 50 20
5466 71 53 11
5500 61 65 20
5522 60 64 21
5589 53 52 29
5615 58 50 3
5634 67 57 15
5638 51 55 7
5671 71 51 7
5709 62 54 9
5728 48 56 2
5740 64 57 19
5743 57 49 19
5782 60 62 19
5793 46 53 25
5826 62 46 21
5827 49 58 31
5828 62 54 1
5836 58 61 20
5851 47 53 13
5854 62 45 2
5926 60 52 6
5928 58 57 22
5930 49 38 1
5947 51 51 21
5958 61 55 5
5974 67 45 15
5989 69 48 5
6002 44 53 4
6012 62 55 21
6027 47 51 24
6048 70 52 1
6057 54 59 21
6060 59 58 21
6065 60 55 21
6070 66 54 14
6089 59 48 13
6092 68 47 7
6093 70 49 4
6096 59 44 24
6108 68 26 13
6121 45 51 25
6131 61 58 22
6136 58 57 22
6143 52 49 24
6148 52 48 23
6170 67 23 6
6171 46 48 23
6177 55 40 1
6186 59 57 22
6196 49 50 24
6197 64 42 19
6230 62 58 20
6235 57 43 26
6243 44 54 15
6243 44 54 7
6253 50 49 32
6260 65 47 11
6268 62 57 21
6275 58 42 24
6275 58 42 25
6292 44 50 23
6295 54 44 23
6296 50 48 22
6297 49 49 21
6301 60 41 23
6303 58 53 0
6314 60 56 21
6329 52 55 22
6346 56 46 21
6357 51 26 23
6371 65 45 9
6383 62 40 21
6383 60 40 23
6405 60 39 16
6417 59 57 23
6418 54 45 23
6419 52 46 24
6459 50 47 24
6463 51 54 1
6477 67 41 13
6483 46 51 18
6484 45 50 18
6487 68 28 0
6492 52 54 3
6495 57 42 21
6499 60 56 22
6530 56 53 22
6531 58 55 23
6539 50 51 24
6547 46 48 26
6547 56 48 16
6548 46 49 20
6554 66 39 17
6554 59 39 24
6560 67 45 9
6576 60 44 18
6581 61 55 14
6594 50 46 23
6599 65 49 7
6599 68 48 1
6600 62 43 13
6628 56 41 22
6629 50 45 25
6629 57 39 25
6639 53 41 29
6650 59 55 22
6652 60 38 22
6653 53 44 23
6682 68 45 6
6712 59 52 20
6726 57 56 21
6732 62 45 11
6739 65 46 6
6747 65 38 17
6768 58 37 25
6774 51 43 25
6776 68 47 1
6778 51 44 10
6778 55 41 20
6789 58 54 22
6791 59 39 21
6801 54 42 29
6815 60 36 23
6822 57 50 24
6827 50 49 10
6831 67 44 7
6841 46 47 24
6849 65 46 3
6850 52 43 22
6855 54 31 18
6858 60 48 7
6860 65 36 18
6900 51 40 24
6900 58 51 20
6901 59 54 20
6906 56 38 22
6913 66 46 7
6926 53 41 20
6931 57 49 3
6950 45 47 12
6950 54 40 20
6951 65 45 6
6965 62 43 11
6975 60 35 21
6978 54 41 21
7000 56 48 17
7025 56 41 16
7028 51 34 12
7028 52 40 21
7041 62 35 20
7041 56 38 25
7044 60 39 15
7062 60 39 15
7067 54 38 26
7085 51 41 23
7095 59 34 23
7098 62 40 13
7100 49 42 23
7101 63 43 18
7104 56 37 22
7105 52 39 22
7114 58 34 23
7128 61 46 8
7147 63 35 15
7157 50 48 21
7161 65 45 2
7170 58 36 24
7181 60 43 23
7207 51 50 9
7221 58 32 23
7224 63 34 15
7226 59 44 18
7232 60 75 21
7252 61 27 9
7255 49 40 25
7261 58 35 22
7261 57 33 23
7272 59 50 21
7280 65 35 13
7289 44 46 21
7291 57 32 23
7293 66 36 12
7295 58 48 8
7302 54 45 27
7304 52 38 21
7309 65 40 7
7309 50 40 22
7322 60 37 21
7324 58 44 11
7331 60 38 12
7339 50 49 12
7349 55 51 24
7351 56 46 16
7355 59 43 24
7359 61 32 18
7360 44 44 33
7361 52 39 19
7372 55 33 27
7372 57 31 23
7376 57 32 21
7389 59 35 21
7402 52 36 23
7404 54 51 2
7417 53 44 13
7423 50 38 21
7428 49 45 24
7429 65 39 8
7439 59 32 24
7444 55 34 25
7452 45 50 16
7456 54 32 25
7466 52 35 24
7475 63 39 19
7476 49 38 24
7477 54 31 25
7478 58 43 11
7495 51 44 16
7503 46 41 23
7508 57 38 15
7528 69 29 12
7549 64 38 15
7550 61 36 14
7551 57 35 18
7576 54 30 25
7578 57 46 20
7582 60 37 11
7582 59 35 17
7594 50 37 29
7601 51 33 30
7603 53 31 28
7604 50 45 13
7622 59 30 18
7622 51 34 22
7624 55 49 3
7632 61 38 10
7644 47 40 31
7650 59 31 21
7656 58 35 15
7671 51 37 28
7676 57 47 17
7680 51 48 29
7691 56 48 23
7697 53 49 25
7698 48 37 30
7702 60 40 10
7732 48 43 24
7733 60 33 13
7746 61 37 20
7746 61 32 13
7752 53 34 20
7754 51 46 9
7765 56 36 21
7766 53 30 23
7766 61 38 21
7779 54 44 15
7783 64 53 13
7801 45 40 24
7806 54 35 18
7828 50 31 29
7839 55 47 2
7840 45 44 19
7852 54 43 6
7858 53 28 23
7861 55 33 20
7903 58 32 15
7904 45 39 30
7905 47 42 29
7905 47 42 6
7905 52 47 25
7905 47 42 32
7905 57 31 21
7927 69 40 11
7930 46 36 24
7930 47 36 23
7932 46 43 18
7943 44 42 26
7950 53 28 27
7956 49 30 24
7966 57 49 0
7985 60 31 21
7992 48 41 30
7999 48 48 17
8005 51 43 17
8008 55 39 13
8016 51 27 24
8016 44 40 28
8016 44 40 29
8017 48 48 17
8020 45 42 31
8030 56 37 23
8034 57 36 5
8041 57 44 19
8065 51 41 13
8082 59 36 23
8083 55 32 21
8098 50 27 29
8102 55 42 19
8103 47 33 29
8104 59 35 14
8106 46 41 24
8110 49 48 15
8110 56 31 24
8113 49 51 1
8118 56 38 18
8129 50 38 30
8138 53 50 0
8144 58 29 13
8148 56 32 17
8156 50 28 29
8158 57 42 7
8170 57 33 16
8183 59 33 18
8188 58 35 23
8204 44 41 18
8204 52 41 10
8207 45 46 14
8218 48 29 24
8220 46 40 30
8233 47 39 16
8244 57 36 22
8249 50 37 16
8251 51 46 16
8253 49 30 30
8266 45 40 30
8276 47 38 18
8291 54 25 4
8296 54 37 13
8300 53 26 23
8323 58 35 9
8328 56 36 18
8334 58 27 17
8339 45 39 19
8347 52 26 25
8349 57 41 5
8360 51 45 25
8387 46 39 30
8391 47 43 31
8404 44 37 16
8421 50 39 13
8427 47 37 30
8432 48 26 26
8432 49 26 25
8434 50 30 21
8444 54 42 11
8447 54 25 21
8453 55 35 24
8455 82 68 0
8461 50 41 19
8499 47 32 32
8500 50 44 18
8500 50 44 13
8500 52 26 27
8503 50 50 3
8523 65 39 1
8539 47 27 33
8540 55 48 6
8545 47 43 27
8557 51 24 24
8566 47 43 27
8587 53 24 21
8615 46 44 10
8615 49 44 7
8619 52 40 27
8619 51 43 6
8623 53 39 8
8623 53 39 27
8624 46 37 27
8626 51 29 23
8636 48 38 19
8637 52 42 24
8647 52 24 21
8658 50 28 21
8666 44 44 13
8683 50 43 8
8694 54 27 22
8706 45 28 22
8713 52 34 25
8717 51 36 24
8720 52 23 21
8722 51 33 25
8724 48 42 25
8727 49 38 12
8732 51 26 21
8741 49 43 24
8746 46 25 30
8752 46 24 23
8753 50 41 27
8755 50 35 13
8758 47 34 28
8770 54 38 17
8770 46 25 30
8779 48 39 27
8785 49 32 28
8785 53 31 19
8794 52 40 23
8802 53 33 20
8802 47 41 11
8806 45 24 23
8809 48 43 23
8814 49 35 16
8830 50 36 23
8834 49 27 24
8847 52 31 21
8853 50 34 25
8853 52 31 23
8855 44 24 27
8857 49 37 12
8863 51 23 20
8868 55 69 22
8872 52 39 21
8879 44 27 24
8881 60 66 20
8881 44 35 30
8889 63 63 20
8900 46 43 23
8903 51 27 18
8915 48 42 8
8920 48 37 12
8939 48 42 8
8939 50 26 18
8939 47 39 29
8949 47 27 23
8954 44 53 8
8958 49 34 18
8963 50 31 23
8964 55 35 7
8968 54 38 15
8969 47 32 29
8972 53 23 18
8975 48 36 19
8978 54 29 17
8983 73 66 7
9000 50 37 26
9020 49 33 20
9020 47 23 28
9021 48 41 18
9023 52 31 11
9036 48 22 24
9042 58 65 21
9044 46 27 31
9056 62 60 6
9058 47 44 14
9058 53 38 24
9063 44 33 17
9070 48 35 12
9076 44 42 26
9085 49 25 23
9104 47 36 22
9105 49 22 21
9105 48 26 18
9107 49 34 11
9108 44 27 23
9129 48 31 23
9132 50 39 9
9144 48 40 19
9144 48 40 13
9151 45 27 24
9161 47 35 18
9172 47 41 9
9174 51 29 19
9178 47 33 22
9183 48 30 25
9184 44 34 25
9184 44 34 26
9194 46 43 10
9196 46 41 23
9217 47 23 17
9220 47 22 22
9222 49 32 24
9228 47 34 18
9229 46 36 14
9238 46 30 29
9241 46 29 19
9245 46 65 34
9253 59 63 20
9253 44 24 27
9253 50 29 12
9256 64 31 5
9269 47 40 9
9277 52 36 16
9282 45 22 27
9293 44 41 11
9299 45 30 25
9303 47 26 25
9303 46 21 23
9305 52 37 20
9308 44 40 11
9330 44 41 24
9336 50 38 10
9347 48 32 17
9348 47 39 23
9351 45 35 23
9351 50 27 24
9359 45 36 30
9359 47 34 10
9382 46 22 23
9396 46 21 22
9405 44 38 23
9429 50 37 17
9443 45 35 22
9453 44 23 19
9461 53 68 21
9480 47 38 22
9480 46 24 20
9480 45 48 10
9481 44 36 28
9486 44 40 18
9511 48 37 25
9511 45 39 24
9516 46 32 21
9518 50 24 14
9534 48 23 22
9536 45 20 23
9552 68 52 2
9553 48 29 22
9553 48 21 14
9555 45 31 19
9558 49 27 15
9570 45 33 13
9583 46 36 14
9586 66 39 2
9587 47 28 22
9599 44 21 27
9608 44 31 19
9613 47 37 21
9613 50 35 15
9615 44 20 22
9625 46 23 19
9632 61 57 20
9633 44 20 22
9634 48 22 20
9656 56 41 4
9658 49 33 18
9672 46 31 21
9675 56 41 4
9679 46 36 24
9679 50 23 20
9682 48 34 11
9684 50 29 22
9693 47 21 23
9706 45 25 23
9712 53 67 22
9717 44 38 21
9720 48 35 33
9726 50 55 18
9726 44 23 28
9738 44 38 21
9745 44 32 21
9757 46 21 19
9764 48 33 23
9774 47 28 14
9776 46 22 18
9782 47 20 17
9785 46 36 24
9799 44 25 21
9805 44 37 22
9806 48 24 25
9809 44 29 24
9811 44 31 23
9825 47 35 22
9826 46 27 14
9830 44 31 23
9832 45 23 27
9852 47 33 34
9862 75 54 3
9863 80 56 3
9874 45 29 22
9881 46 20 14
9889 46 35 24
9889 44 35 26
9906 46 25 16
9917 44 28 20
9923 44 21 14
9933 62 67 11
9939 66 22 0
9953 45 28 11
9956 62 55 2
9976 49 26 14
9981 65 64 9
9982 45 35 8
10000 62 66 11
10001 46 34 6
10003 44 21 23
10008 44 22 21
10016 57 28 8
10028 45 49 6
10028 53 50 9
10033 44 21 23
10035 47 33 17
10051 50 35 12
10057 50 26 16
10060 74 55 7
10067 48 46 5
10070 44 20 21
10072 46 25 16
10075 54 61 19
10076 44 19 19
10083 47 24 9
10097 46 33 23
10107 44 27 22
10114 45 26 16
10135 45 26 16
10157 45 25 23
10159 44 18 17
10159 46 31 18
10178 61 66 21
10180 44 32 14
10189 44 27 21
10203 47 29 18
10210 46 30 18
10215 45 24 10
10229 44 33 22
10234 45 21 15
10259 45 23 22
10270 71 59 2
10278 55 30 7
10283 44 24 17
10291 44 31 19
10302 53 62 25
10313 60 66 21
10330 44 32 22
10331 55 56 22
10333 45 31 22
10350 50 57 22
10361 49 29 9
10380 55 22 0
10383 66 62 3
10396 62 30 7
10442 50 36 7
10445 53 61 16
10449 44 31 21
10454 59 66 20
10461 45 29 17
10480 44 30 22
10493 56 50 19
10503 44 21 14
10533 47 29 8
10534 58 66 22
10548 44 27 18
10554 52 55 27
10588 44 29 22
10589 47 63 20
10594 61 55 21
10600 61 64 21
10603 57 37 0
10616 54 44 4
10616 45 65 35
10620 44 29 22
10628 58 54 21
10674 58 66 21
10675 59 54 19
10686 49 60 17
10788 57 53 21
10819 45 59 26
10835 55 55 24
10864 58 61 22
10877 57 52 20
10922 45 58 30
10965 57 54 23
10998 59 81 19
11046 53 55 16
11057 56 64 21
11117 69 62 8
11145 56 54 20
11256 51 32 7
11330 59 58 2
11493 44 30 9
11515 47 28 13
11539 47 28 13
11544 45 57 12
11555 60 63 14
11591 48 23 8
11890 44 48 6
11897 53 32 12
11947 53 37 0
11997 67 27 1
12071 50 22 7
12111 51 27 5
12131 54 35 11
12171 51 28 5
12226 50 22 9
12264 54 31 4
12294 68 53 4
12304 55 60 10
12304 55 60 27
12304 55 60 13
12304 55 60 16
12305 67 29 4
12334 55 53 22
12411 44 55 3
12418 63 54 15
12429 48 29 13
12443 61 84 12
12457 57 54 19
12460 48 29 13
12508 55 32 0
12513 48 23 12
12533 47 26 11
12548 53 64 24
12572 47 28 15
12573 46 53 4
12591 48 35 12
12591 61 65 16
12612 65 23 2
12638 58 65 21
12639 50 30 10
12741 53 63 30
12750 53 33 6
12786 49 57 16
12794 46 48 1
12798 60 54 16
12815 45 58 19
12835 55 32 6
12860 49 29 10
12870 61 65 19
12883 60 55 13
12942 57 29 6
12968 61 31 2
12968 61 31 0
12988 52 39 0
13023 48 46 2
13034 48 60 26
13034 48 59 27
13047 45 64 22
13053 45 59 29
13053 48 61 21
13086 64 65 4
13098 46 68 32
13105 53 60 30
13118 60 31 4
13153 59 60 18
13163 57 58 19
13180 44 29 17
13187 44 20 24
13188 48 68 20
13192 47 63 25
13204 60 65 10
13229 46 69 22
13260 44 22 14
13264 44 29 18
13275 44 30 21
13280 53 63 29
13311 49 68 22
13314 45 21 21
13368 45 48 29
13369 45 30 22
13386 44 23 19
13407 44 37 13
13418 44 31 22
13429 51 64 23
13429 46 22 21
13433 46 21 19
13462 59 28 5
13462 59 28 0
13463 44 25 18
13469 45 22 25
13470 44 24 3
13484 55 66 24
13487 46 31 22
13492 45 20 21
13503 55 66 24
13513 66 27 0
13515 55 67 22
13518 44 26 20
13522 44 19 16
13531 46 23 11
13533 64 33 4
13543 53 68 23
13552 45 22 25
13565 45 25 21
13568 46 30 23
13569 61 64 16
13570 45 32 22
13584 47 23 14
13593 44 29 14
13600 44 27 22
13607 60 66 22
13618 48 28 19
13618 46 28 21
13618 49 28 18
13618 59 28 8
13619 45 33 17
13648 61 66 22
13651 46 18 14
13661 47 25 9
13666 46 33 21
13683 44 21 19
13691 45 26 23
13691 45 26 19
13697 44 28 22
13707 45 20 24
13712 58 67 20
13713 47 18 23
13716 46 32 25
13717 51 30 15
13717 44 25 26
13730 51 83 22
13729 47 33 17
13761 44 22 30
13777 46 21 24
13780 46 19 20
13788 44 29 23
13798 47 17 20
13803 56 27 7
13811 47 20 19
13821 47 17 20
13825 44 30 17
13830 46 35 24
13855 44 18 24
13873 44 31 12
13879 44 25 20
13883 44 37 23
13885 44 18 24
13913 44 26 18
13940 46 31 9
13949 55 40 3
13966 46 18 22
13969 55 40 3
13969 49 34 9
13970 47 28 19
13973 44 32 21
14010 46 29 19
14025 65 67 18
14032 46 31 15
14039 44 38 25
14054 46 18 23
14064 44 56 4
14066 46 23 22
14077 50 39 2
14085 47 19 22
14087 44 28 31
14098 44 39 24
14098 53 24 23
14111 47 31 25
14112 44 34 24
14117 47 30 24
14120 46 32 21
14123 45 39 24
14138 46 19 25
14144 52 79 29
14167 45 33 19
14183 52 27 24
14188 46 39 24
14191 45 34 24
14213 44 33 14
14218 44 40 24
14222 45 35 23
14218 50 36 21
14229 48 31 17
14230 50 23 20
14263 45 40 8
14267 46 34 24
14275 47 21 26
14285 48 30 27
14287 44 20 23
14292 47 37 8
14340 49 26 24
14350 45 37 11
14351 46 35 25
14364 46 36 15
14369 45 49 15
14371 48 20 25
14372 48 34 14
14383 54 30 13
14412 46 36 10
14433 52 32 13
14442 47 41 22
14442 45 38 24
14449 61 66 18
14465 50 33 24
14489 49 28 17
14514 54 30 24
14538 46 38 12
14560 51 26 21
14573 44 20 30
14574 48 37 8
14589 47 38 12
14600 45 22 30
14600 45 22 31
14615 47 34 29
14619 56 26 22
14620 52 35 23
14620 49 37 23
14624 49 42 22
14640 46 23 29
14673 48 38 18
14676 54 33 28
14701 47 39 10
14703 52 24 21
14720 51 43 21
14735 52 42 4
14736 47 40 15
14766 53 28 24
14771 52 23 19
14789 46 40 24
14807 47 39 17
14812 52 26 17
14819 51 25 25
14835 47 39 17
14839 54 31 21
14867 52 37 25
14881 48 31 21
14885 51 42 5
14907 46 28 26
14940 44 38 35
14977 52 44 19
14998 48 48 1
15016 55 30 26
15025 50 36 33
15028 46 32 27
15029 47 40 22
15037 54 26 20
15051 49 25 30
15063 49 42 10
15072 53 45 3
15085 44 40 27
15124 48 34 26
15124 55 46 14
15140 58 37 24
15173 47 32 22
15175 50 26 24
15182 44 48 22
15186 59 33 22
15192 45 41 14
15209 59 30 20
15217 53 29 21
15217 46 46 23
15225 56 27 19
15253 59 31 19
15281 55 45 1
15288 60 31 18
15290 52 38 31
15291 58 35 11
15294 50 44 6
15296 49 47 30
15305 51 43 16
15320 45 42 7
15326 53 49 17
15326 51 26 20
15336 49 31 31
15337 52 36 5
15384 44 37 34
15391 50 45 24
15401 61 38 13
15407 55 30 20
15412 44 43 35
15414 60 65 19
15423 51 44 15
15423 60 36 16
15429 55 50 21
15441 45 46 16
15459 55 42 26
15474 49 43 12
15487 53 36 20
15497 54 35 17
15500 56 30 21
15500 58 30 19
15506 52 31 29
15509 52 45 18
15516 51 37 19
15519 48 43 28
15525 49 47 24
15527 76 30 0
15549 53 29 22
15566 49 35 27
15585 44 45 27
15588 62 39 20
15589 53 31 23
15625 51 46 26
15625 60 38 17
15649 55 52 16
15657 52 39 20
15679 54 32 21
15682 51 47 0
15708 62 42 21
15715 48 36 33
15715 53 51 12
15718 51 32 26
15733 53 31 25
15747 52 50 0
15769 59 44 20
15775 54 38 17
15792 47 46 31
15793 48 40 21
15805 62 42 1
15811 45 39 28
15812 59 34 17
15818 48 48 7
15828 62 42 1
15830 58 41 19
15836 51 38 29
15839 53 43 13
15859 52 33 25
15874 53 35 5
15875 54 32 3
15878 53 42 24
15905 59 40 11
15908 48 38 24
15913 58 37 21
15913 47 39 29
15923 55 47 17
15924 60 45 23
15927 45 51 4
15942 52 35 25
15950 58 36 15
15954 58 34 19
15964 60 46 23
15969 61 44 6
15971 52 39 29
15975 63 45 19
15977 56 53 23
15984 53 35 24
15987 74 55 2
15990 45 50 22
15993 53 32 5
16027 59 45 2
16029 48 51 17
16037 49 53 26
16041 54 49 12
16050 56 90 23
16050 56 44 3
16054 54 35 21
16068 52 36 27
16089 45 52 24
16091 44 49 29
16100 54 45 11
16103 50 39 29
16106 48 54 24
16123 61 47 18
16125 44 42 1
16126 50 40 28
16133 53 36 27
16143 55 37 23
16148 55 49 4
16151 55 54 19
16155 48 51 23
16168 61 45 2
16180 45 53 11
16193 63 46 2
16196 53 33 25
16197 71 57 8
16201 77 34 6
16202 56 37 21
16221 56 55 20
16242 56 57 19
16245 56 37 23
16250 60 45 8
16262 48 53 23
16267 62 47 3
16267 45 44 24
16288 49 41 31
16290 55 51 6
16291 60 54 10
16307 48 52 16
16325 60 34 9
16328 44 54 35
16331 55 38 23
16338 55 56 23
16347 54 38 27
16350 54 58 24
16377 54 38 27
16384 61 51 5
16384 56 47 11
16385 48 57 33
16391 71 58 3
16396 54 51 3
16410 72 59 7
16411 53 40 23
16416 52 56 22
16416 54 56 20
16423 51 41 24
16439 53 40 23
16444 58 47 20
16447 76 58 3
16454 61 49 0
16454 54 50 13
16464 54 57 23
16467 51 43 26
16479 54 40 24
16493 44 55 24
16495 57 53 8
16496 59 45 13
16498 54 49 8
16528 61 50 2
16536 61 52 11
16566 60 56 9
16568 72 58 6
16572 54 49 7
16577 51 57 28
16578 61 41 16
16586 54 50 8
16589 61 53 3
16592 53 60 23
16599 57 40 23
16616 71 61 8
16624 60 42 18
16627 54 41 28
16628 59 46 1
16635 44 55 35
16648 48 57 24
16650 56 52 14
16675 55 40 14
16676 57 47 23
16688 53 58 23
16688 61 43 17
16691 44 56 27
16697 56 41 24
16706 59 47 3
16725 52 59 23
16726 54 51 3
16749 60 55 5
16749 68 62 11
16755 44 57 30
16756 54 60 24
16766 54 52 9
16775 55 38 24
16803 51 60 26
16810 55 91 21
16820 51 47 22
16822 50 56 15
16827 53 43 26
16828 55 42 25
16830 56 52 4
16859 44 58 25
16873 55 43 25
16893 63 56 1
16897 55 43 25
16898 52 44 27
16911 51 60 23
16911 44 57 23
16923 53 63 24
16930 48 59 19
16930 54 59 13
16940 55 43 27
16953 62 50 4
16969 54 62 22
16977 60 56 20
16991 53 64 25
16995 45 61 0
17005 45 59 24
17034 53 62 21
17047 53 64 24
17050 50 47 26
17053 57 56 25
17066 61 58 5
17076 55 44 3
17077 54 43 2
17077 59 115 22
17101 63 58 1
17109 62 56 18
17113 53 63 24
17129 50 64 23
17131 53 65 24
17135 58 54 23
17139 57 57 25
17150 62 58 6
17156 53 65 24
17167 55 52 6
17171 69 63 5
17190 44 60 24
17204 62 59 2
17217 59 58 23
17236 67 75 1
17244 47 58 23
17246 51 51 19
17249 62 116 20
17266 53 66 23
17278 58 47 16
17288 58 53 20
17290 58 115 25
17309 51 63 19
17331 57 46 21
17349 48 64 28
17380 60 54 18
17400 55 47 27
17415 52 67 25
17420 55 47 27
17503 47 64 8
17512 57 60 24
17523 56 53 13
17527 61 61 22
17527 49 44 2
17528 49 67 25
17553 46 64 28
17559 58 54 4
17581 52 66 25
17582 54 62 14
17593 56 49 25
17609 53 58 12
17610 57 55 23
17618 48 57 21
17624 46 66 11
17630 58 56 21
17631 52 59 12
17632 59 61 6
17655 51 68 9
17656 61 62 14
17668 48 60 15
17668 44 63 7
17683 44 66 29
17695 49 65 21
17705 59 20 2
17707 56 61 24
17729 64 57 18
17736 44 65 3
17753 44 65 3
17761 55 60 21
17762 58 56 24
17772 61 63 7
17777 59 62 24
17779 47 66 26
17789 63 58 19
17799 55 59 7
17825 54 57 27
17831 55 49 18
17832 61 58 22
17847 49 53 15
17848 63 77 13
17915 63 58 20
17932 48 63 33
17947 69 61 7
17956 50 56 7
17957 48 67 26
17961 54 62 22
17979 57 54 6
18012 46 67 24
18019 59 59 21
18041 60 66 22
18057 48 68 24
18097 50 71 24
18135 52 59 30
18137 49 71 24
18146 54 52 0
18146 56 64 26
18149 45 67 26
18150 53 63 26
18157 45 68 14
18150 53 58 29
18179 54 62 22
18196 59 65 22
18197 47 53 35
18205 66 57 16
18209 46 52 4
18253 50 56 29
18274 55 53 1
18275 60 66 23
18275 55 64 23
18293 55 53 1
18338 58 60 19
18361 60 58 3
18378 53 56 21
18386 53 57 26
18398 55 53 0
18440 56 58 24
18460 60 62 1
18466 56 61 26
18479 55 58 2
18485 49 51 2
18488 56 66 25
18508 56 57 21
18532 57 63 4
18554 72 117 8
18572 45 71 24
18582 55 54 2
18587 60 59 23
18613 52 65 27
18630 60 58 19
18631 46 55 4
18636 51 57 6
18688 58 58 21
18732 51 58 25
18736 57 41 8
18736 48 57 11
18750 61 69 9
18760 44 70 27
18762 60 59 23
18777 46 57 23
18783 55 58 22
18810 51 61 0
18827 52 64 23
18842 54 58 22
18872 48 57 20
18927 55 67 24
18934 56 59 24
18944 45 70 14
18949 54 55 5
18960 52 58 6
18991 52 57 21
19003 54 62 25
19006 50 58 2
19011 52 42 9
19031 59 65 21
19049 57 59 24
19049 57 59 1
19060 53 64 30
19063 57 63 25
19069 65 30 3
19073 51 55 8
19073 61 60 21
19119 55 61 2
19175 50 59 29
19190 46 56 14
19200 53 62 26
19388 57 56 18
19388 57 56 15
19545 53 59 27
19583 52 57 26
19660 46 63 34
19698 56 62 21
19717 55 58 23
19770 55 61 20
19786 57 62 24
19808 57 66 25
19809 44 57 29
19816 71 63 11
19859 49 55 29
19873 54 62 28
19880 49 56 27
19895 61 64 13
19904 46 55 13
19908 56 61 23
19910 50 57 30
19925 48 56 27
19944 57 61 23
20041 60 59 14
20049 61 65 18
20056 52 54 27
20114 53 56 16
20137 61 58 4
20167 51 66 31
20185 49 55 30
20207 54 53 0
20254 51 60 31
20257 58 65 19
20258 53 59 8
20265 52 53 29
20278 51 57 26
20307 61 60 18
20316 59 66 23
20336 57 59 23
20370 50 57 15
20374 51 63 27
20390 58 64 17
20398 53 52 26
20401 53 59 29
20406 55 58 25
20442 45 57 17
20489 59 66 22
20489 59 66 23
20516 61 64 13
20534 71 59 11
20542 53 51 26
20561 60 63 22
20563 53 62 17
20569 45 55 31
20574 53 57 7
20606 57 32 19
20611 59 41 1
20630 46 68 25
20638 56 31 12
20643 59 62 20
20653 54 50 27
20653 45 52 34
20688 53 57 30
20694 57 61 19
20708 56 49 9
20728 46 65 19
20732 48 51 29
20738 54 60 23
20791 54 49 25
20793 51 66 23
20803 53 50 23
20809 57 61 23
20810 63 56 20
20836 54 59 9
20865 46 54 12
20866 58 55 23
20876 44 65 29
20900 53 49 26
20937 57 59 21
20965 45 54 34
20992 57 47 24
21015 52 48 29
21032 49 64 24
21048 58 56 1
21059 56 58 23
21061 58 54 25
21062 64 55 0
21066 56 59 25
21075 53 116 23
21082 58 66 20
21091 57 48 19
21098 52 64 1
21100 47 47 32
21110 53 65 20
21124 71 66 3
21125 57 46 24
21138 55 54 27
21156 45 51 21
21162 52 44 22
21170 53 57 25
21182 49 55 34
21186 63 54 16
21192 53 46 27
21204 44 51 28
21239 55 45 26
21246 50 67 6
21247 60 59 19
21274 54 46 25
21275 54 45 26
21307 54 51 15
21328 50 62 24
21331 58 54 25
21339 53 65 0
21341 56 45 22
21342 56 44 25
21381 50 47 25
21399 63 57 15
21420 61 58 21
21422 81 44 0
21423 44 62 2
21444 64 49 18
21445 58 56 21
21450 48 63 31
21456 48 50 21
21463 60 45 20
21490 53 44 27
21514 44 58 18
21516 57 53 25
21520 54 51 25
21537 45 57 32
21541 54 44 25
21551 45 48 25
21565 52 61 14
21579 55 56 18
21609 59 44 19
21610 54 42 27
21620 55 52 6
21622 54 43 23
21636 72 62 3
21673 57 56 26
21685 52 42 26
21686 55 51 11
21686 55 51 8
21690 56 61 24
21703 52 42 26
21705 45 47 25
21723 52 42 26
21725 71 60 6
21733 44 58 14
21738 53 41 26
21744 53 61 23
21746 69 62 10
21777 58 47 25
21785 51 46 24
21787 55 40 25
21787 54 40 26
21787 55 41 16
21788 46 56 22
21811 51 43 23
21812 49 50 15
21818 60 54 2
21824 58 43 17
21834 57 51 8
21838 45 56 26
21845 54 60 23
21864 61 50 5
21872 44 68 3
21876 51 42 32
21879 56 46 24
21906 49 57 19
21908 44 48 24
21923 57 53 0
21937 54 59 27
21938 48 44 24
21938 45 58 35
21960 47 44 30
21987 49 48 17
21997 46 45 25
22009 48 46 30
22012 51 57 15
22028 50 44 28
22035 54 39 23
22035 48 46 30
22035 50 43 23
22040 47 54 1
22043 62 48 3
22051 44 45 26
22057 55 41 20
22066 45 53 31
22067 45 47 21
22092 50 7 31
22094 59 49 7
22096 62 48 3
22108 61 50 0
22127 49 45 21
22131 46 43 25
22132 51 57 23
22132 52 39 31
22149 50 50 10
22166 53 41 19
22186 55 38 24
22189 57 42 16
22192 56 57 22
22194 61 47 5
22195 53 64 2
22199 61 49 0
22200 54 51 6
22200 44 45 23
22202 50 56 31
22203 46 42 29
22208 48 41 25
22213 46 43 25
22238 50 42 30
22253 62 46 3
22258 51 40 21
22265 61 39 14
22265 61 44 8
22265 61 44 17
22270 53 37 24
22282 55 50 4
22299 53 37 24
22312 54 36 24
22318 45 42 10
22328 45 53 0
22338 60 47 19
22343 52 55 20
22345 47 40 35
22379 49 42 14
22389 49 54 25
22391 46 43 23
22414 45 50 27
22441 47 54 26
22442 62 38 11
22444 53 52 14
22467 44 43 24
22467 51 40 12
22474 44 41 27
22475 46 53 0
22476 59 47 2
22490 53 34 25
22495 62 48 19
22515 61 45 19
22518 56 47 26
22522 60 46 0
22534 45 40 28
22534 58 46 25
22537 55 41 27
22540 62 43 4
22546 52 34 24
22559 60 45 14
22561 57 48 22
22565 56 53 12
22572 57 47 4
22588 50 33 3
22610 46 40 24
22611 52 32 25
22611 49 38 23
22634 52 33 25
22641 54 45 16
22645 45 40 23
22655 55 47 4
22663 46 50 19
22676 48 38 23
22690 61 37 10
22699 46 49 8
22699 46 49 10
22703 46 48 30
22719 63 39 6
22725 57 45 6
22739 62 41 4
22740 63 42 19
22743 60 115 21
22753 52 40 18
22754 56 32 25
22765 52 35 25
22770 58 46 14
22772 45 39 23
22776 54 49 20
22781 45 34 30
22789 58 41 25
22789 50 48 22
22789 60 41 23
22800 52 49 4
22803 60 37 10
22820 50 47 18
22840 48 45 13
22847 58 44 3
22864 51 46 10
22866 55 48 0
22872 54 42 25
22875 44 51 30
22879 48 37 31
22880 58 40 25
22881 55 43 10
22891 54 34 20
22893 58 41 24
22907 53 42 22
22927 49 51 24
22931 56 30 25
22934 59 36 17
22935 59 39 24
22944 49 47 9
22955 52 37 16
22956 60 32 18
22961 60 33 17
22983 48 30 32
22983 48 46 27
22983 59 39 24
22990 55 41 20
22991 49 42 16
23003 49 29 25
23023 55 43 23
23040 55 29 25
23056 64 52 11
23065 46 33 25
23084 49 37 26
23090 50 40 25
23093 58 31 21
23095 47 43 24
23133 52 30 21
23135 52 48 29
23137 57 37 9
23141 55 28 18
23141 54 35 14
23141 54 28 19
23141 54 36 20
23141 48 28 25
23144 50 44 9
23163 50 44 9
23170 50 29 29
23172 54 38 28
23185 47 32 35
23187 59 37 9
23219 53 40 20
23223 49 35 25
23232 44 33 34
23235 56 38 22
23238 54 39 22
23255 53 41 22
23256 58 36 14
23259 44 32 33
23268 51 43 7
23269 69 31 0
23276 49 48 3
23294 54 37 15
23307 44 49 30
23317 50 42 19
23317 45 31 25
23317 47 41 30
23324 59 38 17
23333 45 33 32
23337 54 26 19
23339 53 44 4
23344 53 45 22
23354 47 32 28
23387 56 36 26
23390 50 42 16
23393 45 41 15
23419 56 34 10
23422 46 32 21
23431 49 48 14
23442 44 30 25
23444 50 28 25
23444 49 39 15
23446 49 47 7
23447 57 31 15
23455 51 46 14
23462 45 31 23
23479 49 41 10
23480 53 25 24
23481 48 39 28
23488 47 44 26
23490 51 45 24
23492 58 32 11
23496 48 47 6
23513 50 40 20
23517 54 38 19
23540 44 31 23
23546 50 30 18
23547 49 46 24
23564 45 39 25
23586 49 30 18
23594 48 41 10
23598 49 38 11
23613 50 45 5
23617 48 41 10
23622 47 46 6
23634 54 37 21
23635 49 29 22
23636 51 24 25
23637 45 48 6
23644 52 38 20
23655 48 27 21
23662 49 45 24
23668 46 29 21
23681 49 40 24
23684 51 38 17
23696 46 46 6
23729 46 28 23
23744 45 36 27
23749 51 23 24
23767 54 29 18
23782 44 37 26
23788 45 28 25
23791 48 45 24
23791 47 36 17
23831 51 22 24
23832 51 43 21
23833 51 42 22
23834 44 24 26
23865 46 26 31
23868 44 28 32
23868 48 38 18
23868 54 32 17
23871 50 40 25
23875 50 35 19
23877 45 36 30
23880 50 49 7
23897 46 26 31
23909 45 37 15
23915 49 41 13
23922 44 26 24
23932 47 38 10
23963 44 27 23
23968 46 44 25
23971 48 25 20
23975 45 26 27
23982 49 36 10
23989 47 43 25
23999 44 34 30
24006 44 30 33
24016 46 39 28
24019 46 48 11
24038 50 22 23
24040 54 45 7
24063 45 43 27
24064 52 48 6
24073 49 21 24
24074 54 29 16
24074 47 29 23
24081 44 25 22
24093 44 22 28
24097 51 32 27
24099 46 34 25
24101 55 26 11
24114 45 37 26
24127 44 35 20
24128 47 42 12
24130 46 31 30
24134 49 40 24
24143 52 38 21
24147 52 32 10
24154 51 38 19
24160 46 25 20
24163 49 31 25
24166 49 30 27
24167 51 22 20
24167 49 34 19
24193 46 36 17
24200 48 20 24
24213 48 41 14
24227 54 25 10
24227 54 25 20
24239 47 21 28
24242 47 34 20
24247 46 41 19
24267 46 35 25
24267 46 35 11
24272 49 30 23
24278 47 20 24
24283 46 29 24
24283 46 23 27
24290 48 20 24
24291 44 31 26
24295 44 36 26
24296 48 40 20
24319 46 35 12
24322 47 19 24
24324 48 33 11
24327 45 21 26
24330 46 41 8
24339 52 37 17
24341 45 36 16
24356 49 29 19
24362 45 23 28
24368 45 35 25
24371 44 33 21
24373 46 19 24
24382 46 32 25
24384 44 41 26
24391 48 31 23
24393 50 26 25
24395 46 40 25
24411 46 20 25
24411 46 20 35
24413 46 34 13
24418 47 39 20
24420 47 32 26
24421 46 21 28
24442 47 31 26
24449 46 18 32
24452 50 29 13
24453 44 36 27
24463 57 32 2
24464 45 38 29
24475 45 40 17
24496 46 39 15
24499 47 32 25
24503 50 25 24
24505 44 21 29
24507 45 18 24
24513 49 37 21
24514 49 22 13
24516 44 35 17
24516 44 35 11
24516 44 40 25
24521 50 43 9
24528 44 31 21
24532 44 28 27
24538 49 25 17
24541 45 30 26
24542 46 18 22
24553 44 19 29
24559 50 36 5
24569 46 32 12
24570 49 35 19
24585 48 27 24
24589 51 23 14
24589 48 20 15
24592 45 18 24
24601 46 38 23
24611 45 32 19
24612 45 26 28
24612 48 21 15
24612 45 26 27
24629 47 30 24
24637 66 36 1
24637 51 36 16
24637 59 21 8
24637 65 36 2
24637 52 36 15
24639 50 34 18
24642 48 18 19
24647 49 35 24
24651 44 33 24
24666 48 27 20
24668 46 30 18
24668 46 37 26
24674 44 17 24
24678 44 18 24
24682 48 20 19
24682 49 35 24
24696 47 27 16
24699 46 31 18
24707 44 29 19
24733 50 23 15
24744 48 19 14
24747 48 33 9
24748 48 32 10
24752 45 30 23
24759 46 36 16
24761 46 21 22
24764 48 29 21
24764 44 17 23
24770 45 35 28
24772 45 37 18
24805 44 31 24
24813 46 18 15
24817 48 34 19
24829 44 30 26
24846 45 31 9
24851 46 17 21
24868 44 20 15
24870 65 19 5
24872 44 29 23
24873 45 25 22
24882 47 18 5
24890 45 17 25
24909 44 34 25
24921 47 26 30
24927 47 25 22
24933 49 23 18
24934 46 18 19
24945 47 34 21
24947 56 43 0
24952 44 25 18
24977 44 36 24
24984 44 28 17
24992 47 33 22
24996 46 32 20
25015 44 19 22
25017 46 26 14
25019 44 28 17
25025 44 27 19
25040 46 25 13
25046 45 34 24
25065 44 16 19
25072 47 37 18
25072 44 26 14
25083 46 32 12
25087 46 21 16
25098 47 19 15
25103 48 48 2
25109 45 33 22
25127 45 25 11
25131 48 30 17
25133 48 32 20
25150 46 29 15
25159 45 23 22
25169 44 31 28
25169 44 33 7
25181 47 19 13
25191 44 37 18
25200 49 39 8
25203 44 54 5
25209 47 30 23
25221 45 31 19
25241 46 29 23
25246 44 24 21
25262 45 19 11
25288 52 16 13
25326 46 27 7
25334 45 30 26
25367 45 29 23
25368 45 28 23
25389 44 30 17
25423 44 29 23
25459 45 28 11
25467 45 29 17
25544 44 27 25
25623 60 35 0
25641 59 34 2
25672 44 26 13
25678 46 27 20
25712 48 38 6
25822 58 32 3
25954 47 27 15
25984 57 80 20
25987 54 29 8
25989 50 40 1
26035 51 27 10
26046 59 74 20
26056 51 27 10
26129 46 48 2
26195 51 26 6
26208 54 31 0
26229 52 79 29
26275 49 19 4
26348 46 45 2
26414 59 34 17
26434 57 67 6
26494 45 54 0
26610 52 83 20
26723 53 24 0
27516 63 55 17
27579 49 48 22
27629 47 48 19
27660 54 31 2
27755 47 27 4
27803 52 44 15
27866 47 29 13
27884 47 29 13
28018 65 40 17
28054 53 32 6
28204 50 46 19
28205 60 75 18
28307 46 35 7
28310 46 43 1
28355 58 32 4
28358 49 36 7
28402 51 27 9
28486 57 81 21
28545 53 51 11
28625 45 46 5
28625 58 55 24
28664 59 114 18
28840 64 56 17
28879 44 21 19
28882 61 56 21
28905 44 22 24
28908 44 32 21
28937 44 31 18
28955 44 33 9
28957 44 23 19
28969 62 28 3
28995 45 21 10
29047 47 29 18
29063 46 21 10
29086 44 51 1
29103 44 34 11
29105 45 21 16
29105 44 33 12
29129 58 25 0
29147 54 27 10
29152 46 24 22
29154 50 33 13
29173 46 23 24
29207 44 35 22
29208 44 27 19
29215 46 25 22
29224 44 18 19
29230 50 41 9
29230 46 33 6
29256 47 34 23
29259 46 26 21
29270 55 90 25
29285 45 33 25
29289 46 22 16
29289 46 22 12
29311 44 37 20
29312 45 36 25
29312 45 27 19
29329 44 29 11
29334 44 19 20
29355 45 18 20
29360 46 27 24
29377 46 35 25
29379 44 37 26
29390 45 28 16
29398 47 30 15
29404 45 29 18
29418 47 36 22
29436 46 33 20
29454 44 38 15
29473 46 36 27
29510 45 38 25
29518 50 40 17
29559 46 30 11
29560 44 39 25
29566 45 31 11
29573 49 36 9
29575 58 54 8
29582 47 35 12
29588 44 32 18
29600 60 31 3
29604 47 22 24
29608 46 39 24
29622 44 33 32
29623 45 32 22
29640 46 37 17
29640 46 37 10
29651 47 38 6
29651 46 31 19
29652 44 23 22
29659 44 32 19
29663 44 40 22
29666 47 20 21
29683 50 24 19
29684 64 42 1
29693 47 20 21
29695 45 36 14
29711 46 32 2
29711 44 41 34
29714 47 31 24
29758 44 21 18
29760 46 37 21
29769 47 23 16
29775 45 34 9
29781 45 24 22
29784 44 41 24
29785 45 31 20
29794 44 42 24
29813 48 40 21
29822 45 25 18
29827 47 33 20
29827 45 32 26
29850 45 21 25
29856 45 34 24
29859 45 22 27
29867 49 40 17
29869 44 24 18
29879 46 25 19
29908 46 41 24
29930 44 43 19
29936 45 36 11
29948 47 22 24
29953 49 39 19
29957 46 33 28
29973 44 26 20
30004 48 34 27
30029 46 34 21
30051 44 44 8
30055 47 35 19
30059 50 27 15
30061 49 29 13
30061 49 41 19
30075 47 23 26
30080 46 37 19
30089 45 38 24
30102 50 40 18
30121 45 45 24
30125 69 41 4
30130 44 36 22
30146 49 27 26
30156 51 27 15
30166 48 37 25
30167 47 38 20
30171 46 28 21
30176 47 25 19
30201 45 45 28
30212 45 46 24
30228 46 29 25
30248 44 46 28
30258 46 40 16
30258 46 40 17
30258 57 42 12
30258 58 42 11
30261 44 28 35
30272 49 44 23
30281 45 30 26
30284 46 22 21
30301 48 25 24
30318 45 42 15
30319 46 41 16
30319 47 40 9
30345 47 46 22
30351 53 28 27
30362 46 31 18
30369 45 29 33
30376 49 25 26
30382 49 45 23
30396 54 39 21
30424 46 42 18
30425 44 31 35
30427 46 34 21
30428 50 25 19
30430 45 43 25
30439 44 20 16
30465 49 40 10
30471 52 44 18
30496 47 37 25
30528 57 46 12
30528 55 46 14
30528 58 46 11
30531 44 41 14
30540 51 32 15
30562 51 27 25
30578 44 32 27
30598 44 43 21
30602 50 41 25
30605 46 45 24
30650 55 38 23
30655 51 41 8
30670 47 27 25
30673 54 32 26
30678 49 43 19
30685 45 41 27
30693 44 44 13
30704 51 37 14
30734 47 28 25
30745 50 43 10
30761 46 46 3
30769 47 45 24
30781 46 47 25
30787 46 43 9
30807 46 47 25
30818 47 29 26
30818 50 44 7
30819 49 48 26
30825 55 30 23
30826 55 41 25
30838 53 37 27
30852 50 45 2
30873 50 42 12
30900 51 32 29
30904 44 45 15
30929 55 44 27
30932 49 39 17
30951 50 43 11
30952 48 38 29
30953 60 41 4
30982 50 46 5
31008 45 48 10
31024 60 54 17
31030 50 47 25
31036 58 43 19
31038 49 31 24
31038 53 45 5
31044 50 32 24
31053 50 42 33
31068 44 50 18
31081 62 116 21
31085 45 47 23
31101 48 52 29
31118 48 52 29
31124 57 45 4
31135 51 33 23
31144 48 32 0
31161 50 34 25
31163 50 32 11
31167 47 51 23
31184 50 34 25
31200 59 43 5
31210 45 48 33
31222 50 33 26
31227 48 36 25
31230 49 34 25
31231 54 35 27
31240 52 52 8
31259 54 38 17
31261 59 44 23
31316 47 54 30
31318 53 49 3
31338 50 43 25
31346 51 35 2
31357 47 48 11
31359 55 38 17
31365 51 39 24
31374 50 43 25
31389 54 49 17
31395 48 41 20
31403 58 37 20
31406 56 44 9
31416 50 55 28
31418 44 42 4
31440 53 45 10
31465 47 41 24
31469 54 43 23
31532 44 53 19
31563 51 44 32
31576 49 42 31
31582 55 51 28
31587 50 57 28
31606 55 44 12
31619 49 43 33
31631 54 46 22
31632 45 43 31
31637 58 55 9
31646 52 47 13
31654 58 44 25
31659 53 49 8
31669 49 52 0
31670 51 45 25
31672 51 46 14
31684 50 57 26
31708 52 59 25
31712 50 57 26
31721 71 33 3
31725 53 48 9
31733 57 45 22
31736 50 59 24
31737 53 46 24
31737 49 39 27
31746 53 57 21
31761 58 44 16
31767 51 55 13
31770 60 50 18
31793 54 39 23
31793 50 39 27
31815 58 41 16
31817 61 50 0
31823 49 59 25
31832 53 40 26
31833 54 49 25
31834 56 51 22
31834 53 54 25
31870 53 59 22
31870 53 59 25
31871 50 60 25
31883 52 40 26
31919 58 54 25
31922 53 40 26
31928 49 60 29
31933 51 41 26
31935 55 47 12
31943 52 57 25
31954 72 62 6
31958 49 46 21
31964 69 66 11
31964 58 42 20
31997 60 49 17
32011 60 55 21
32023 54 51 5
32037 59 43 18
32050 50 59 19
32056 53 60 23
32062 53 52 8
32071 45 47 23
32073 62 48 18
32086 50 44 26
32088 56 53 1
32107 47 58 21
32114 49 47 27
32120 52 42 27
32164 49 48 18
32165 53 61 20
32166 53 43 25
32169 67 28 3
32170 62 56 20
32188 60 49 6
32222 72 62 5
32226 54 43 23
32229 54 44 23
32230 63 55 20
32245 49 60 16
32270 56 52 3
32282 58 45 20
32290 59 55 20
32293 46 62 0
32293 46 62 1
32296 50 61 24
32303 55 43 0
32333 54 54 24
32338 62 52 0
32346 56 53 27
32367 44 25 3
32373 62 57 17
32377 45 61 28
32389 57 53 24
32432 60 47 16
32494 59 57 21
32497 53 45 27
32517 54 46 24
32545 56 57 21
32560 49 51 13
32560 53 53 28
32589 55 57 26
32597 54 47 19
32614 59 55 2
32620 47 56 35
32622 57 58 0
32681 52 48 27
32684 49 52 18
32691 62 56 21
32704 57 59 1
32740 53 58 27
32742 55 47 24
32765 49 53 10
32821 52 55 29
32840 54 58 22
32858 53 59 26
32866 48 54 18
32868 54 47 18
32913 56 48 8
32918 46 66 22
32934 49 54 18
32937 53 59 7
32940 52 55 27
32943 63 57 19
32954 56 49 25
32966 44 65 26
32990 56 61 22
33022 46 59 5
33024 52 38 22
33049 55 49 25
33050 58 117 21
33051 56 50 23
33053 56 62 24
33066 55 45 18
33068 60 63 23
33071 54 60 6
33078 50 48 28
33081 49 68 23
33083 59 57 9
33127 44 67 11
33133 55 62 22
33168 54 58 28
33196 57 62 20
33227 46 68 25
33243 60 57 2
33299 54 58 5
33315 51 52 1
33318 55 63 23
33323 59 62 24
33334 59 59 17
33339 60 66 5
33366 51 67 19
33366 48 55 13
33395 59 66 22
33417 57 61 25
33417 57 61 14
33420 55 65 25
33428 54 60 26
33471 56 61 13
33522 49 72 24
33560 55 66 24
33579 54 60 24
33585 48 71 20
33595 59 59 5
33621 57 67 8
33623 53 66 24
33630 56 62 27
33646 51 61 22
33688 45 57 29
33696 60 63 23
33696 48 54 6
33701 46 70 25
33744 50 65 24
33745 47 57 29
33763 44 58 24
33770 52 55 6
33796 59 65 4
33810 58 62 18
33816 48 57 30
33822 44 42 21
33831 57 63 24
33832 58 60 25
33853 60 37 12
33853 59 60 23
33854 53 62 25
33855 45 70 23
33885 49 59 30
33899 63 115 20
33914 45 58 27
33916 49 56 10
33940 52 57 3
33944 58 60 24
33996 45 56 35
33998 57 59 21
34004 56 62 22
34107 50 35 28
34123 57 60 0
34124 46 46 15
34148 49 65 25
34175 54 45 8
34206 49 68 30
34400 46 59 11
34673 52 58 19
34707 57 60 24
34725 50 58 22
34729 54 56 25
34731 51 59 29
34759 56 62 23
34773 59 59 20
34776 56 60 22
34781 60 63 22
34785 52 58 14
34798 45 57 33
34830 50 58 13
34848 52 59 21
34896 53 55 2
34921 50 57 27
34969 48 57 21
34979 52 55 27
35005 57 59 23
35033 46 66 32
35044 44 57 24
35050 55 61 24
35061 48 56 19
35097 53 57 19
35109 49 64 25
35120 58 63 25
35148 53 66 23
35179 52 55 23
35247 48 55 9
35248 44 56 18
35252 59 58 22
35253 46 70 24
35278 56 60 20
35284 50 54 30
35300 56 67 25
35314 60 61 23
35355 56 61 22
35371 48 55 22
35375 44 72 29
35446 52 59 11
35449 55 60 26
35455 52 63 7
35456 48 70 19
35458 49 72 22
35470 49 71 20
35478 57 66 26
35479 58 65 21
35482 55 64 24
35489 61 60 22
35508 55 59 21
35514 50 53 29
35540 51 60 30
35557 54 63 23
35558 60 61 22
35568 44 49 10
35633 52 52 26
35635 55 63 23
35640 53 59 29
35645 60 57 14
35658 52 52 26
35689 56 60 18
35700 58 57 5
35716 55 55 7
35722 53 63 27
35729 55 62 21
35732 46 72 25
35756 52 51 28
35771 55 57 7
35799 55 63 24
35800 49 69 22
35854 49 51 30
35860 50 61 8
35874 63 56 3
35915 44 52 31
35921 59 62 20
35944 58 55 25
35951 58 65 5
35964 56 61 23
35973 51 60 23
35974 56 62 27
35996 56 62 27
36022 49 67 23
36029 49 51 26
36033 49 69 30
36061 50 62 25
36083 53 61 26
36083 50 67 15
36083 50 67 16
36084 52 59 6
36111 50 49 26
36111 54 49 22
36120 50 53 23
36126 54 48 25
36144 56 55 24
36151 54 59 23
36152 50 53 23
36163 57 50 19
36208 46 65 18
36214 54 48 22
36219 56 59 24
36228 54 47 25
36243 50 49 23
36252 60 60 22
36263 49 48 24
36274 61 55 17
36296 53 59 27
36305 51 66 24
36311 48 48 28
36311 56 58 24
36321 51 57 1
36321 50 65 23
36326 58 58 23
36326 59 55 1
36328 53 46 26
36331 48 48 28
36334 49 68 25
36344 54 47 22
36348 44 67 28
36351 52 54 25
36366 48 66 28
36372 52 46 26
36379 44 52 6
36380 53 45 9
36385 56 57 19
36407 52 66 23
36409 50 67 17
36409 59 54 20
36431 46 65 30
36444 51 46 25
36460 57 54 7
36530 51 45 25
36612 46 54 16
36612 46 54 12
36615 52 43 26
36622 62 53 20
36633 56 56 0
36654 49 62 15
36663 50 44 26
36710 54 55 4
36722 51 43 25
36737 52 42 25
36740 55 51 9
36742 51 43 25
36753 57 53 1
36767 52 62 25
36797 52 53 25
36809 57 54 21
36809 57 54 23
36817 53 55 4
36827 50 42 27
36828 47 60 9
36844 54 50 27
36899 51 41 26
36902 53 48 23
36921 47 54 8
36928 54 49 21
36947 44 47 33
36947 50 48 15
36952 57 53 2
36966 55 52 21
37002 56 61 19
37003 53 50 6
37020 50 39 26
37025 52 47 17
37029 49 40 27
37030 56 48 9
37055 50 46 25
37062 56 52 21
37083 49 43 25
37084 53 48 13
37090 50 60 14
37090 50 60 15
37098 45 57 26
37104 52 59 20
37111 50 30 31
37124 48 44 24
37127 51 47 20
37153 53 38 21
37154 59 49 7
37165 49 45 19
37178 46 54 10
37180 55 47 10
37186 50 57 21
37207 54 51 28
37215 53 49 24
37218 49 38 24
37231 51 60 27
37238 46 53 29
37244 58 47 20
37256 54 46 11
37258 51 58 6
37262 51 47 12
37274 48 38 25
37275 44 42 33
37285 45 43 23
37299 49 59 29
37301 51 44 26
37305 51 48 27
37321 44 45 22
37336 49 45 16
37337 52 56 24
37339 55 50 1
37358 56 47 14
37376 50 48 13
37377 52 45 12
37378 48 37 30
37388 49 36 25
37391 53 50 4
37395 50 44 15
37396 52 45 12
37402 47 59 22
37402 50 42 22
37408 48 56 25
37423 49 39 30
37426 45 53 8
37427 44 54 27
37428 54 49 7
37427 48 43 19
37453 50 45 30
37466 48 36 30
37477 51 54 16
37480 59 44 6
37481 56 48 6
37483 57 41 10
37499 47 43 19
37505 51 46 26
37506 44 57 30
37518 70 66 12
37532 50 49 10
37533 49 47 12
37533 48 34 25
37543 53 48 7
37545 47 39 21
37566 55 45 25
37567 46 58 23
37582 53 35 24
37583 47 34 25
37589 48 54 30
37591 52 53 0
37600 52 55 14
37609 55 47 25
37622 52 34 19
37640 48 56 26
37649 49 41 23
37651 53 47 8
37652 52 54 17
37657 55 43 26
37677 73 118 9
37679 44 49 30
37692 46 56 20
37710 54 46 6
37712 47 33 30
37718 51 47 26
37723 44 38 33
37726 56 42 8
37729 47 41 25
37744 46 40 24
37746 48 43 33
37748 49 44 28
37748 49 44 26
37772 50 51 4
37793 49 39 30
37800 49 40 23
37802 48 45 14
37806 46 34 30
37806 46 34 23
37812 46 32 24
37813 50 46 10
37815 50 41 13
37819 48 47 11
37826 49 51 25
37832 49 42 32
37841 49 43 25
37844 49 34 26
37846 49 46 31
37865 45 32 24
37867 47 54 30
37874 50 50 3
37874 50 50 5
37875 48 42 16
37891 53 53 24
37897 48 47 8
37897 47 47 9
37911 45 49 21
37924 50 31 26
37925 50 45 9
37925 57 40 24
37925 50 40 31
37929 48 41 29
37929 46 51 23
37932 49 42 29
37949 46 38 25
37951 46 47 12
37953 48 41 29
37955 44 48 12
37956 48 46 25
37958 67 29 5
37980 50 44 10
37990 45 32 30
38027 51 41 30
38030 48 42 25
38031 45 47 26
38034 57 26 3
38035 44 30 30
38043 52 39 22
38052 46 46 26
38062 47 40 25
38064 51 43 26
38065 49 44 27
38074 48 45 25
38105 52 41 21
38112 47 30 22
38118 50 31 24
38124 52 39 24
38128 50 42 27
38129 48 29 26
38142 52 40 24
38147 48 44 9
38147 49 43 10
38163 46 45 26
38188 54 52 16
38203 51 41 26
38223 51 39 20
38235 46 44 13
38246 49 33 17
38257 47 40 25
38260 50 41 10
38267 47 43 12
38277 67 50 1
38281 49 42 8
38282 49 38 11
38286 46 40 30
38289 50 47 3
38290 56 117 22
38296 46 32 20
38299 47 28 20
38299 44 46 10
38302 47 39 25
38316 48 27 24
38316 47 27 25
38317 49 41 19
38321 47 33 29
38324 46 43 10
38326 50 40 25
38330 47 28 20
38342 52 32 12
38346 50 38 20
38347 44 34 18
38369 46 42 25
38375 48 34 32
38375 48 34 29
38380 48 41 19
38388 45 43 28
38395 46 42 25
38413 48 27 24
38439 48 40 11
38449 45 42 15
38450 44 32 20
38451 44 38 15
38481 44 33 18
38482 46 26 25
38494 45 41 22
38502 44 43 21
38503 46 40 26
38503 46 40 22
38504 46 26 25
38510 50 46 17
38519 52 32 10
38531 45 41 25
38532 45 42 20
38540 48 48 23
38559 66 25 4
38584 52 32 15
38585 45 26 25
38592 45 48 25
38622 49 36 26
38626 44 47 23
38627 45 25 23
38627 46 39 23
38631 48 44 8
38635 46 26 27
38650 45 33 31
38676 44 25 26
38689 50 35 24
38716 44 47 19
38718 50 44 5
38725 44 26 27
38728 44 40 21
38730 44 39 11
38730 45 38 26
38777 44 25 27
38783 47 45 21
38789 46 39 22
38792 44 36 28
38794 44 28 22
38811 46 29 25
38814 44 24 23
38817 45 37 10
38835 46 36 23
38847 56 38 8
38850 48 34 18
38888 45 36 22
38893 48 41 7
38911 49 42 9
38926 45 28 13
38928 45 27 15
38934 44 36 24
38958 46 47 18
38960 46 24 21
38978 61 27 6
38999 45 35 24
39009 45 34 23
39017 46 36 16
39049 47 39 12
39055 44 26 20
39063 45 33 24
39066 44 43 22
39069 44 34 20
39098 53 26 10
39141 45 39 12
39198 46 30 13
39218 44 41 11
39230 45 31 21
39232 46 38 24
39236 44 41 11
39261 45 30 11
39267 47 33 19
39273 59 118 24
39335 49 52 20
39336 45 37 12
39376 51 42 7
39381 44 25 16
39381 44 25 21
39388 44 29 22
39440 45 36 18
39485 44 26 9
39537 50 22 9
39545 64 116 19
39558 44 37 23
39593 44 35 13
39623 45 48 29
39628 51 35 4
39679 52 23 1
39759 48 52 1
39830 62 116 17
39884 45 37 16
39898 64 22 0
39969 48 30 10
40234 60 115 23
40283 48 29 7
40300 48 29 7
40351 50 41 3
40369 54 52 16
40440 46 29 9
40466 46 29 9
40473 50 40 3
40481 54 30 5
40541 46 27 4
40563 46 27 4
40688 47 28 4
40817 47 25 1
40833 50 26 1
40951 52 32 2
41036 52 43 3
41048 46 29 26
41066 66 46 7
41087 49 39 0
41121 48 48 6
41156 50 28 18
41187 48 34 2
41357 55 51 4
41385 44 65 6
41390 48 56 20
41461 54 48 4
41527 48 29 19
41594 45 28 0
41643 48 27 18
41651 46 30 6
41669 46 30 6
41675 48 51 20
41724 46 62 7
41829 46 29 0
41867 47 42 1
41918 61 35 13
41961 49 57 3
42000 53 32 5
42003 62 31 7
42215 63 56 5
42256 44 49 1
42418 53 35 21
42463 44 49 3
42473 46 61 7
42496 44 49 3
42532 50 49 19
42532 46 29 20
42635 45 59 7
42688 45 50 28
42778 45 66 1
42878 46 30 29
42966 45 28 27
43094 63 32 18
43123 56 38 3
43355 56 54 21
43479 57 55 0
43523 53 52 0
43599 47 50 17
43669 54 53 21
43699 44 60 14
43746 59 29 8
43762 55 54 3
43959 50 48 8
43977 50 48 8
44076 47 49 35
44097 55 54 21
44301 50 42 13
44520 52 32 22
44535 51 21 31
44550 46 30 1
44675 50 29 21
44778 49 32 32
44822 50 28 14
44847 60 20 14
45429 52 42 0
46002 69 55 0
46007 72 54 6
46229 59 20 16
46278 63 42 9
46309 66 32 1
46316 71 55 10
46386 65 30 15
46418 66 29 12
46478 52 32 0
46487 78 55 1
46520 77 53 0
46526 65 39 16
46538 46 31 27
46575 48 33 25
46580 51 41 25
46651 66 30 0
46676 48 38 19
46676 48 38 23
46676 48 38 24
46676 48 38 27
46676 48 38 28
46676 48 38 1
46676 48 38 5
46676 48 38 6
46676 48 38 11
46676 48 38 12
46685 57 66 25
46712 53 35 17
46713 63 22 8
46747 64 24 3
46758 62 30 21
46801 54 41 8
46810 45 27 32
46851 65 28 1
46873 74 43 5
46883 61 21 21
46905 57 28 14
46910 64 55 15
46952 51 43 1
46956 62 34 21
46971 45 27 25
46975 65 29 6
46984 68 56 13
46992 55 37 8
46997 59 50 7
47006 45 25 31
47011 55 26 13
47013 48 40 24
47028 65 30 5
47031 48 38 29
47042 65 27 3
47052 50 43 27
47053 46 33 22
47061 47 35 16
47070 54 37 21
47086 62 32 19
47088 81 46 2
47091 66 42 9
47100 51 33 2
47105 65 55 13
47119 57 54 1
47145 60 28 6
47167 65 26 1
47169 47 27 19
47171 46 33 27
47183 63 34 9
47212 64 23 4
47240 51 33 23
47242 55 46 17
47240 55 35 28
47252 65 29 12
47259 51 34 23
47278 45 30 27
47285 55 53 19
47320 50 33 22
47346 51 45 31
47346 81 45 1
47356 79 47 1
47381 74 36 1
47383 48 40 5
47384 60 32 12
47403 51 49 22
47423 49 43 21
47430 63 23 4
47435 51 46 3
47443 59 31 17
47443 50 42 23
47457 45 32 23
47458 56 41 6
47466 51 37 18
47466 59 35 17
47469 48 27 20
47475 57 33 9
47476 75 38 2
47479 49 28 32
47523 57 41 12
47524 59 38 17
47536 46 26 20
47547 58 30 14
47562 45 46 24
47570 44 29 28
47577 80 49 0
47580 51 38 30
47586 51 42 32
47589 50 31 17
47594 62 33 4
47598 64 26 9
47604 48 41 11
47611 58 47 14
47624 51 39 17
47626 52 32 21
47631 45 38 23
47631 59 19 18
47635 55 36 5
47640 50 30 20
47656 60 21 20
47658 52 34 31
47661 52 33 16
47668 62 31 11
47674 48 32 26
47703 73 36 0
47705 55 32 26
47706 47 27 18
47722 64 39 4
47732 65 30 0
47734 53 50 11
47738 64 22 6
47744 46 30 25
47754 63 33 4
47756 48 38 29
47780 49 29 21
47780 49 29 18
47780 49 29 26
47784 61 30 11
47784 61 30 9
47821 48 41 7
47850 61 32 12
47854 64 26 9
47861 51 47 28
47881 63 50 11
47889 54 34 27
47905 61 33 22
47914 44 27 25
47923 50 38 28
47932 50 30 23
47957 54 37 18
47981 47 31 18
47990 68 55 10
48015 45 32 10
48027 49 41 6
48033 44 26 31
48045 51 42 7
48050 48 28 28
48059 62 34 4
48106 52 27 12
48138 66 54 9
48156 49 31 10
48222 50 45 0
48242 58 56 25
48264 55 55 24
48267 45 32 28
48269 59 34 23
48270 46 31 19
48280 61 32 21
48282 55 26 16
48285 57 33 16
48315 45 33 33
48337 53 50 26
48369 48 41 23
48373 49 44 21
48382 50 34 16
48428 49 43 34
48441 57 35 1
48443 50 38 19
48454 62 24 4
48457 47 40 27
48459 44 30 28
48459 50 30 22
48464 44 31 24
48464 44 31 34
48486 50 32 15
48530 56 30 14
48540 56 55 22
48550 56 39 24
48571 46 50 16
48606 51 26 13
48628 52 28 26
48660 51 43 18
48662 60 38 5
48678 64 27 3
48679 48 54 28
48699 57 36 18
48702 49 31 16
48712 52 30 24
48733 54 28 7
48744 49 34 29
48745 52 39 19
48746 49 40 22
48755 63 54 16
48818 83 56 0
48834 46 35 3
48867 44 31 35
48869 47 27 26
48888 61 34 17
48889 61 22 9
48893 49 30 23
48938 60 34 17
48947 63 55 14
48968 59 28 5
48992 71 36 1
49015 63 31 9
49029 53 24 12
49086 59 34 19
49112 62 24 3
49128 62 36 7
49146 62 36 7
49176 64 29 4
49246 46 24 20
49251 69 46 13
49270 62 66 21
49288 82 24 1
49299 81 25 2
49327 81 25 2
49396 78 25 4
49471 63 36 6
49472 73 37 5
49484 73 44 10
49497 73 39 2
49508 76 35 3
49528 76 35 3
49549 75 34 8
49561 50 21 20
49576 75 37 3
49696 78 22 3
49726 70 45 0
49750 71 46 5
49787 67 40 8
49896 68 45 2
49899 71 43 0
49930 52 50 19
49942 64 45 8
49974 74 46 9
49998 82 66 0
