9 61 39 0
234 61 38 0
409 61 37 1
534 62 36 0
729 62 35 1
819 62 34 1
909 63 33 0
994 63 32 0
1089 63 31 1
1189 64 30 0
1324 64 29 1
1475 65 29 1
1584 65 30 1
1655 66 30 1
1673 66 31 1
1687 66 31 1
1729 66 32 1
1774 66 33 2
1809 66 34 2
1839 67 35 1
1864 67 36 1
1909 67 37 2
1928 67 38 2
1942 67 38 2
1943 67 39 2
1954 67 39 2
1963 67 40 2
1975 67 40 2
1979 67 41 3
1993 67 42 3
2006 67 42 3
2009 68 43 2
2018 68 44 2
2025 68 43 2
2029 68 44 2
2033 68 45 2
2043 68 46 2
2044 68 45 2
2053 68 46 2
2053 68 47 2
2064 68 47 2
2068 68 48 2
2079 68 48 2
2079 68 49 3
2088 68 50 3
2095 68 49 3
2098 68 51 3
2099 68 50 3
2108 68 51 3
2108 68 52 3
2118 68 53 3
2119 68 52 3
2128 68 53 3
2128 68 54 3
2133 68 55 3
2138 68 54 3
2143 68 55 3
2143 68 56 3
2153 68 57 3
2154 68 56 3
2158 68 58 3
2162 68 57 3
2168 68 58 3
2168 68 59 3
2178 68 60 3
2179 68 59 3
2183 68 61 3
2187 68 60 3
2193 68 61 3
2194 68 62 4
2198 68 63 4
2208 68 62 4
2208 68 64 4
2209 68 63 4
2213 68 65 4
2217 68 64 4
2223 68 65 4
2223 68 66 4
2228 68 67 4
2233 68 66 4
2233 68 68 4
2237 68 67 4
2243 68 68 4
2244 67 69 5
2248 67 70 5
2258 67 69 5
2258 67 71 5
2259 67 70 5
2263 67 72 5
2267 67 71 5
2268 67 73 5
2272 67 72 5
2278 67 73 5
2278 67 74 5
2283 67 75 5
2288 67 74 5
2288 67 76 5
2292 67 75 5
2298 67 76 5
2298 67 77 5
2303 67 78 5
2308 67 77 5
2308 67 79 5
2312 67 78 5
2318 67 79 5
2319 66 80 5
2323 66 81 5
2328 66 82 5
2333 66 80 5
2333 66 81 5
2338 66 82 5
2338 66 83 5
2343 66 84 5
2348 66 83 5
2348 66 85 5
2352 66 84 5
2358 66 85 5
2358 66 86 5
2364 65 87 6
2369 66 86 5
2373 65 88 6
2378 65 89 6
2380 65 87 6
2383 65 88 6
2388 65 89 6
2389 65 90 5
2393 65 91 5
2403 65 90 5
2404 64 92 6
2404 65 91 5
2413 64 93 6
2420 64 92 6
2424 64 93 6
2423 64 94 6
2433 64 94 6
2434 63 95 6
2448 63 96 6
2461 63 96 6
2464 62 97 6
2484 61 98 7
2539 60 97 6
2559 60 96 5
2567 59 96 5
2572 60 96 5
2574 59 95 5
2578 59 96 5
2585 59 95 5
2589 58 94 5
2599 58 93 5
2603 58 94 5
2609 58 92 5
2610 58 93 5
2619 58 91 4
2620 58 92 5
2629 57 90 5
2634 57 89 5
2641 57 90 5
2644 57 88 4
2645 57 89 5
2649 57 87 4
2656 57 88 4
2660 56 86 5
2660 57 87 4
2664 56 85 5
2674 56 84 5
2674 56 86 5
2675 56 85 5
2679 56 83 5
2683 56 84 5
2684 56 82 5
2688 56 83 5
2694 56 81 5
2694 56 82 5
2699 56 80 5
2704 56 81 5
2705 55 79 5
2709 56 80 5
2714 55 78 5
2719 55 77 5
2721 55 79 5
2724 55 76 5
2724 55 78 5
2728 55 77 5
2734 55 75 5
2734 55 76 5
2739 55 74 5
2744 55 75 5
2745 55 73 4
2749 55 74 5
2754 55 72 4
2759 55 71 4
2761 55 73 4
2764 55 70 4
2764 55 72 4
2768 55 71 4
2774 55 69 4
2774 55 70 4
2780 54 68 5
2785 55 69 4
2789 54 67 5
2794 54 66 4
2796 54 68 5
2799 54 65 4
2800 54 67 5
2806 54 66 4
2809 54 64 4
2810 54 65 4
2814 54 63 4
2818 54 64 4
2824 54 62 4
2825 54 63 4
2829 54 61 4
2834 54 62 4
2839 54 60 4
2840 54 61 4
2844 54 59 4
2849 54 60 4
2854 54 58 4
2855 54 59 4
2864 54 57 4
2865 54 58 4
2869 54 56 4
2874 54 57 4
2880 54 55 3
2880 54 56 4
2889 54 54 3
2894 54 53 3
2896 54 55 3
2899 54 54 3
2904 54 52 3
2904 54 53 3
2914 54 51 3
2915 54 52 3
2924 54 50 3
2924 54 51 3
2934 54 49 3
2935 54 50 3
2944 54 48 3
2944 54 49 3
2954 54 47 3
2955 54 48 3
2964 54 47 3
2969 54 46 3
2979 54 45 3
2980 54 46 3
2989 54 44 3
2989 54 45 3
3000 54 44 3
3004 54 43 3
3015 54 43 3
3015 55 42 2
3029 55 41 2
3042 55 41 2
3044 55 40 2
3055 55 40 2
3059 55 39 2
3070 55 39 2
3079 55 38 2
3091 55 38 2
3094 55 37 2
3105 55 37 2
3114 55 36 2
3126 55 36 2
3160 55 35 2
3185 55 34 2
3215 56 33 1
3250 56 32 1
3295 56 31 1
3350 56 30 2
3439 57 29 1
3699 58 30 1
3834 58 31 1
3934 59 32 0
4029 59 33 1
4114 59 34 1
4204 60 35 0
4294 60 36 0
4489 60 37 1
4614 61 38 0
4789 61 39 0
5009 61 39 0
5234 61 38 0
5409 61 37 1
5534 62 36 0
5729 62 35 1
5819 62 34 1
5909 63 33 0
5994 63 32 0
6089 63 31 1
6189 64 30 0
6324 64 29 1
6475 65 29 1
6584 65 30 1
6655 66 30 1
6673 66 31 1
6687 66 31 1
6729 66 32 1
6774 66 33 2
6809 66 34 2
6839 67 35 1
6864 67 36 1
6909 67 37 2
6928 67 38 2
6942 67 38 2
6943 67 39 2
6954 67 39 2
6963 67 40 2
6975 67 40 2
6979 67 41 3
6993 67 42 3
7006 67 42 3
7009 68 43 2
7018 68 44 2
7025 68 43 2
7029 68 44 2
7033 68 45 2
7043 68 46 2
7044 68 45 2
7053 68 46 2
7053 68 47 2
7064 68 47 2
7068 68 48 2
7079 68 48 2
7079 68 49 3
7088 68 50 3
7095 68 49 3
7098 68 51 3
7099 68 50 3
7108 68 51 3
7108 68 52 3
7118 68 53 3
7119 68 52 3
7128 68 53 3
7128 68 54 3
7133 68 55 3
7138 68 54 3
7143 68 55 3
7143 68 56 3
7153 68 57 3
7154 68 56 3
7158 68 58 3
7162 68 57 3
7168 68 58 3
7168 68 59 3
7178 68 60 3
7179 68 59 3
7183 68 61 3
7187 68 60 3
7193 68 61 3
7194 68 62 4
7198 68 63 4
7208 68 62 4
7208 68 64 4
7209 68 63 4
7213 68 65 4
7217 68 64 4
7223 68 65 4
7223 68 66 4
7228 68 67 4
7233 68 66 4
7233 68 68 4
7237 68 67 4
7243 68 68 4
7244 67 69 5
7248 67 70 5
7258 67 69 5
7258 67 71 5
7259 67 70 5
7263 67 72 5
7267 67 71 5
7268 67 73 5
7272 67 72 5
7278 67 73 5
7278 67 74 5
7283 67 75 5
7288 67 74 5
7288 67 76 5
7292 67 75 5
7298 67 76 5
7298 67 77 5
7303 67 78 5
7308 67 77 5
7308 67 79 5
7312 67 78 5
7318 67 79 5
7319 66 80 5
7323 66 81 5
7328 66 82 5
7333 66 80 5
7333 66 81 5
7338 66 82 5
7338 66 83 5
7343 66 84 5
7348 66 83 5
7348 66 85 5
7352 66 84 5
7358 66 85 5
7358 66 86 5
7364 65 87 6
7369 66 86 5
7373 65 88 6
7378 65 89 6
7380 65 87 6
7383 65 88 6
7388 65 89 6
7389 65 90 5
7393 65 91 5
7403 65 90 5
7404 64 92 6
7404 65 91 5
7414 64 93 6
7418 64 92 6
7424 64 94 6
7425 64 93 6
7434 63 95 6
7435 64 94 6
7449 63 96 6
7452 63 95 6
7461 63 96 6
7464 62 97 6
7484 61 98 7
7539 60 97 6
7559 60 96 5
7567 59 96 5
7572 60 96 5
7574 59 95 5
7578 59 96 5
7585 59 95 5
7589 58 94 5
7599 58 93 5
7603 58 94 5
7609 58 92 5
7610 58 93 5
7619 58 91 4
7620 58 92 5
7629 57 90 5
7634 57 89 5
7641 57 90 5
7644 57 88 4
7645 57 89 5
7649 57 87 4
7656 57 88 4
7660 56 86 5
7660 57 87 4
7664 56 85 5
7674 56 84 5
7674 56 86 5
7675 56 85 5
7679 56 83 5
7683 56 84 5
7684 56 82 5
7688 56 83 5
7694 56 81 5
7694 56 82 5
7699 56 80 5
7704 56 81 5
7705 55 79 5
7709 56 80 5
7714 55 78 5
7719 55 77 5
7721 55 79 5
7724 55 76 5
7724 55 78 5
7728 55 77 5
7734 55 75 5
7734 55 76 5
7739 55 74 5
7744 55 75 5
7745 55 73 4
7749 55 74 5
7754 55 72 4
7759 55 71 4
7761 55 73 4
7764 55 70 4
7764 55 72 4
7768 55 71 4
7774 55 69 4
7774 55 70 4
7780 54 68 5
7785 55 69 4
7789 54 67 5
7794 54 66 4
7796 54 68 5
7799 54 65 4
7800 54 67 5
7806 54 66 4
7809 54 64 4
7810 54 65 4
7814 54 63 4
7818 54 64 4
7824 54 62 4
7825 54 63 4
7829 54 61 4
7834 54 62 4
7839 54 60 4
7840 54 61 4
7849 54 60 4
7844 54 59 4
7854 54 58 4
7855 54 59 4
7864 54 57 4
7865 54 58 4
7869 54 56 4
7874 54 57 4
7880 54 55 3
7880 54 56 4
7889 54 54 3
7894 54 53 3
7896 54 55 3
7899 54 54 3
7904 54 52 3
7904 54 53 3
7914 54 51 3
7915 54 52 3
7924 54 50 3
7924 54 51 3
7934 54 49 3
7935 54 50 3
7944 54 48 3
7944 54 49 3
7954 54 47 3
7955 54 48 3
7964 54 47 3
7969 54 46 3
7979 54 45 3
7980 54 46 3
7989 54 44 3
7989 54 45 3
8000 54 44 3
8004 54 43 3
8015 54 43 3
8015 55 42 2
8029 55 41 2
8042 55 41 2
8044 55 40 2
8055 55 40 2
8059 55 39 2
8070 55 39 2
8079 55 38 2
8091 55 38 2
8094 55 37 2
8105 55 37 2
8114 55 36 2
8126 55 36 2
8160 55 35 2
8185 55 34 2
8215 56 33 1
8250 56 32 1
8295 56 31 1
8350 56 30 2
8439 57 29 1
8699 58 30 1
8834 58 31 1
8934 59 32 0
9029 59 33 1
9114 59 34 1
9204 60 35 0
9294 60 36 0
9489 60 37 1
9614 61 38 0
9789 61 39 0
10009 61 39 0
10234 61 38 0
10409 61 37 1
10534 62 36 0
10729 62 35 1
10819 62 34 1
10909 63 33 0
10994 63 32 0
11089 63 31 1
11189 64 30 0
11324 64 29 1
11475 65 29 1
11584 65 30 1
11655 66 30 1
11673 66 31 1
11687 66 31 1
11729 66 32 1
11774 66 33 2
11809 66 34 2
11839 67 35 1
11864 67 36 1
11909 67 37 2
11928 67 38 2
11942 67 38 2
11943 67 39 2
11954 67 39 2
11963 67 40 2
11975 67 40 2
11979 67 41 3
11993 67 42 3
12006 67 42 3
12009 68 43 2
12018 68 44 2
12025 68 43 2
12029 68 44 2
12033 68 45 2
12043 68 46 2
12044 68 45 2
12053 68 46 2
12053 68 47 2
12064 68 47 2
12068 68 48 2
12079 68 48 2
12079 68 49 3
12088 68 50 3
12095 68 49 3
12098 68 51 3
12099 68 50 3
12108 68 51 3
12108 68 52 3
12118 68 53 3
12119 68 52 3
12128 68 53 3
12128 68 54 3
12133 68 55 3
12138 68 54 3
12143 68 55 3
12143 68 56 3
12153 68 57 3
12154 68 56 3
12158 68 58 3
12162 68 57 3
12168 68 58 3
12168 68 59 3
12178 68 60 3
12179 68 59 3
12183 68 61 3
12187 68 60 3
12193 68 61 3
12194 68 62 4
12198 68 63 4
12208 68 62 4
12208 68 64 4
12209 68 63 4
12213 68 65 4
12217 68 64 4
12223 68 65 4
12223 68 66 4
12228 68 67 4
12233 68 66 4
12233 68 68 4
12237 68 67 4
12243 68 68 4
12244 67 69 5
12248 67 70 5
12258 67 69 5
12258 67 71 5
12259 67 70 5
12263 67 72 5
12267 67 71 5
12268 67 73 5
12272 67 72 5
12278 67 73 5
12278 67 74 5
12283 67 75 5
12288 67 74 5
12292 67 75 5
12288 67 76 5
12298 67 76 5
12298 67 77 5
12303 67 78 5
12308 67 77 5
12308 67 79 5
12312 67 78 5
12318 67 79 5
12319 66 80 5
12323 66 81 5
12328 66 82 5
12333 66 80 5
12333 66 81 5
12338 66 82 5
12338 66 83 5
12343 66 84 5
12348 66 83 5
12348 66 85 5
12352 66 84 5
12358 66 85 5
12358 66 86 5
12364 65 87 6
12369 66 86 5
12373 65 88 6
12378 65 89 6
12380 65 87 6
12383 65 88 6
12388 65 89 6
12389 65 90 5
12393 65 91 5
12403 65 90 5
12404 64 92 6
12404 65 91 5
12414 64 93 6
12418 64 92 6
12424 64 94 6
12425 64 93 6
12434 63 95 6
12435 64 94 6
12449 63 96 6
12452 63 95 6
12461 63 96 6
12464 62 97 6
12484 61 98 7
12539 60 97 6
12559 60 96 5
12567 59 96 5
12572 60 96 5
12573 59 95 5
12578 59 96 5
12583 59 95 5
12589 58 94 5
12599 58 93 5
12603 58 94 5
12609 58 92 5
12610 58 93 5
12619 58 91 4
12620 58 92 5
12629 57 90 5
12634 57 89 5
12641 57 90 5
12644 57 88 4
12645 57 89 5
12649 57 87 4
12656 57 88 4
12660 56 86 5
12660 57 87 4
12664 56 85 5
12674 56 84 5
12674 56 86 5
12675 56 85 5
12679 56 83 5
12683 56 84 5
12684 56 82 5
12688 56 83 5
12694 56 81 5
12694 56 82 5
12699 56 80 5
12704 56 81 5
12705 55 79 5
12709 56 80 5
12714 55 78 5
12719 55 77 5
12721 55 79 5
12724 55 76 5
12724 55 78 5
12728 55 77 5
12734 55 75 5
12734 55 76 5
12739 55 74 5
12744 55 75 5
12745 55 73 4
12749 55 74 5
12754 55 72 4
12759 55 71 4
12761 55 73 4
12764 55 70 4
12764 55 72 4
12768 55 71 4
12774 55 69 4
12774 55 70 4
12780 54 68 5
12785 55 69 4
12789 54 67 5
12794 54 66 4
12796 54 68 5
12799 54 65 4
12800 54 67 5
12806 54 66 4
12809 54 64 4
12810 54 65 4
12814 54 63 4
12818 54 64 4
12824 54 62 4
12825 54 63 4
12829 54 61 4
12834 54 62 4
12839 54 60 4
12840 54 61 4
12844 54 59 4
12849 54 60 4
12854 54 58 4
12855 54 59 4
12864 54 57 4
12865 54 58 4
12869 54 56 4
12874 54 57 4
12880 54 55 3
12880 54 56 4
12889 54 54 3
12894 54 53 3
12896 54 55 3
12899 54 54 3
12904 54 52 3
12904 54 53 3
12914 54 51 3
12915 54 52 3
12924 54 50 3
12924 54 51 3
12934 54 49 3
12935 54 50 3
12944 54 48 3
12944 54 49 3
12954 54 47 3
12955 54 48 3
12964 54 47 3
12969 54 46 3
12979 54 45 3
12980 54 46 3
12989 54 44 3
12989 54 45 3
13000 54 44 3
13004 54 43 3
13015 54 43 3
13015 55 42 2
13029 55 41 2
13042 55 41 2
13044 55 40 2
13055 55 40 2
13059 55 39 2
13070 55 39 2
13079 55 38 2
13091 55 38 2
13094 55 37 2
13105 55 37 2
13114 55 36 2
13126 55 36 2
13160 55 35 2
13185 55 34 2
13215 56 33 1
13250 56 32 1
13295 56 31 1
13350 56 30 2
13439 57 29 1
13699 58 30 1
13834 58 31 1
13934 59 32 0
14029 59 33 1
14114 59 34 1
14204 60 35 0
14294 60 36 0
14489 60 37 1
14614 61 38 0
14789 61 39 0
15009 61 39 0
15234 61 38 0
15409 61 37 1
15534 62 36 0
15729 62 35 1
15819 62 34 1
15909 63 33 0
15994 63 32 0
16089 63 31 1
16189 64 30 0
16324 64 29 1
16475 65 29 1
16584 65 30 1
16655 66 30 1
16673 66 31 1
16687 66 31 1
16729 66 32 1
16774 66 33 2
16809 66 34 2
16839 67 35 1
16864 67 36 1
16909 67 37 2
16928 67 38 2
16943 67 39 2
16942 67 38 2
16954 67 39 2
16963 67 40 2
16975 67 40 2
16979 67 41 3
16993 67 42 3
17006 67 42 3
17009 68 43 2
17018 68 44 2
17025 68 43 2
17029 68 44 2
17033 68 45 2
17043 68 46 2
17044 68 45 2
17053 68 46 2
17053 68 47 2
17064 68 47 2
17068 68 48 2
17079 68 48 2
17079 68 49 3
17088 68 50 3
17095 68 49 3
17098 68 51 3
17099 68 50 3
17108 68 51 3
17108 68 52 3
17118 68 53 3
17119 68 52 3
17128 68 53 3
17128 68 54 3
17133 68 55 3
17138 68 54 3
17143 68 55 3
17143 68 56 3
17153 68 57 3
17154 68 56 3
17158 68 58 3
17162 68 57 3
17168 68 58 3
17168 68 59 3
17178 68 60 3
17179 68 59 3
17183 68 61 3
17187 68 60 3
17193 68 61 3
17194 68 62 4
17198 68 63 4
17208 68 62 4
17208 68 64 4
17209 68 63 4
17213 68 65 4
17217 68 64 4
17223 68 65 4
17223 68 66 4
17228 68 67 4
17233 68 66 4
17233 68 68 4
17237 68 67 4
17243 68 68 4
17244 67 69 5
17248 67 70 5
17258 67 69 5
17258 67 71 5
17259 67 70 5
17263 67 72 5
17267 67 71 5
17268 67 73 5
17272 67 72 5
17278 67 73 5
17278 67 74 5
17283 67 75 5
17288 67 74 5
17288 67 76 5
17292 67 75 5
17298 67 76 5
17298 67 77 5
17303 67 78 5
17308 67 77 5
17308 67 79 5
17312 67 78 5
17318 67 79 5
17319 66 80 5
17323 66 81 5
17328 66 82 5
17333 66 80 5
17333 66 81 5
17338 66 82 5
17338 66 83 5
17343 66 84 5
17348 66 83 5
17348 66 85 5
17352 66 84 5
17358 66 85 5
17358 66 86 5
17364 65 87 6
17369 66 86 5
17373 65 88 6
17378 65 89 6
17380 65 87 6
17383 65 88 6
17388 65 89 6
17389 65 90 5
17393 65 91 5
17403 65 90 5
17404 64 92 6
17404 65 91 5
17414 64 93 6
17418 64 92 6
17424 64 94 6
17425 64 93 6
17434 63 95 6
17435 64 94 6
17449 63 96 6
17452 63 95 6
17461 63 96 6
17464 62 97 6
17484 61 98 7
17539 60 97 6
17559 60 96 5
17567 59 96 5
17572 60 96 5
17573 59 95 5
17578 59 96 5
17583 59 95 5
17589 58 94 5
17599 58 93 5
17603 58 94 5
17609 58 92 5
17610 58 93 5
17619 58 91 4
17620 58 92 5
17629 57 90 5
17634 57 89 5
17641 57 90 5
17644 57 88 4
17645 57 89 5
17649 57 87 4
17656 57 88 4
17660 56 86 5
17660 57 87 4
17664 56 85 5
17674 56 84 5
17674 56 86 5
17675 56 85 5
17679 56 83 5
17683 56 84 5
17684 56 82 5
17688 56 83 5
17694 56 81 5
17694 56 82 5
17699 56 80 5
17704 56 81 5
17705 55 79 5
17709 56 80 5
17714 55 78 5
17719 55 77 5
17721 55 79 5
17724 55 76 5
17724 55 78 5
17728 55 77 5
17734 55 75 5
17734 55 76 5
17739 55 74 5
17744 55 75 5
17745 55 73 4
17749 55 74 5
17754 55 72 4
17759 55 71 4
17761 55 73 4
17764 55 70 4
17764 55 72 4
17768 55 71 4
17774 55 69 4
17774 55 70 4
17780 54 68 5
17785 55 69 4
17789 54 67 5
17794 54 66 4
17796 54 68 5
17799 54 65 4
17800 54 67 5
17806 54 66 4
17809 54 64 4
17810 54 65 4
17814 54 63 4
17818 54 64 4
17824 54 62 4
17825 54 63 4
17829 54 61 4
17834 54 62 4
17839 54 60 4
17840 54 61 4
17844 54 59 4
17849 54 60 4
17854 54 58 4
17855 54 59 4
17864 54 57 4
17865 54 58 4
17869 54 56 4
17874 54 57 4
17880 54 55 3
17880 54 56 4
17889 54 54 3
17894 54 53 3
17896 54 55 3
17899 54 54 3
17904 54 52 3
17904 54 53 3
17914 54 51 3
17915 54 52 3
17924 54 50 3
17924 54 51 3
17934 54 49 3
17935 54 50 3
17944 54 48 3
17944 54 49 3
17955 54 48 3
17954 54 47 3
17964 54 47 3
17969 54 46 3
17979 54 45 3
17980 54 46 3
17989 54 44 3
17989 54 45 3
18000 54 44 3
18004 54 43 3
18015 54 43 3
18015 55 42 2
18029 55 41 2
18042 55 41 2
18044 55 40 2
18055 55 40 2
18059 55 39 2
18070 55 39 2
18079 55 38 2
18091 55 38 2
18094 55 37 2
18105 55 37 2
18114 55 36 2
18126 55 36 2
18160 55 35 2
18185 55 34 2
18215 56 33 1
18250 56 32 1
18295 56 31 1
18350 56 30 2
18439 57 29 1
18699 58 30 1
18834 58 31 1
18934 59 32 0
19029 59 33 1
19114 59 34 1
19204 60 35 0
19294 60 36 0
19489 60 37 1
19614 61 38 0
19789 61 39 0
20009 61 39 0
20234 61 38 0
20409 61 37 1
20534 62 36 0
20729 62 35 1
20819 62 34 1
20909 63 33 0
20994 63 32 0
21089 63 31 1
21189 64 30 0
21324 64 29 1
21475 65 29 1
21584 65 30 1
21655 66 30 1
21673 66 31 1
21687 66 31 1
21729 66 32 1
21774 66 33 2
21809 66 34 2
21839 67 35 1
21864 67 36 1
21909 67 37 2
21928 67 38 2
21942 67 38 2
21943 67 39 2
21954 67 39 2
21963 67 40 2
21975 67 40 2
21979 67 41 3
21993 67 42 3
22006 67 42 3
22009 68 43 2
22018 68 44 2
22025 68 43 2
22029 68 44 2
22033 68 45 2
22043 68 46 2
22044 68 45 2
22053 68 46 2
22053 68 47 2
22064 68 47 2
22068 68 48 2
22079 68 48 2
22079 68 49 3
22088 68 50 3
22095 68 49 3
22098 68 51 3
22099 68 50 3
22108 68 51 3
22108 68 52 3
22118 68 53 3
22119 68 52 3
22128 68 53 3
22128 68 54 3
22133 68 55 3
22138 68 54 3
22143 68 55 3
22143 68 56 3
22153 68 57 3
22154 68 56 3
22158 68 58 3
22162 68 57 3
22168 68 58 3
22168 68 59 3
22178 68 60 3
22179 68 59 3
22183 68 61 3
22187 68 60 3
22193 68 61 3
22194 68 62 4
22198 68 63 4
22208 68 62 4
22208 68 64 4
22209 68 63 4
22213 68 65 4
22217 68 64 4
22223 68 65 4
22223 68 66 4
22228 68 67 4
22233 68 66 4
22233 68 68 4
22237 68 67 4
22243 68 68 4
22244 67 69 5
22248 67 70 5
22258 67 69 5
22258 67 71 5
22259 67 70 5
22263 67 72 5
22267 67 71 5
22268 67 73 5
22272 67 72 5
22278 67 73 5
22278 67 74 5
22283 67 75 5
22288 67 74 5
22288 67 76 5
22292 67 75 5
22298 67 76 5
22298 67 77 5
22303 67 78 5
22308 67 77 5
22308 67 79 5
22312 67 78 5
22318 67 79 5
22319 66 80 5
22323 66 81 5
22328 66 82 5
22333 66 80 5
22333 66 81 5
22338 66 82 5
22338 66 83 5
22343 66 84 5
22348 66 83 5
22348 66 85 5
22352 66 84 5
22358 66 85 5
22358 66 86 5
22364 65 87 6
22369 66 86 5
22373 65 88 6
22378 65 89 6
22380 65 87 6
22383 65 88 6
22388 65 89 6
22389 65 90 5
22393 65 91 5
22403 65 90 5
22404 64 92 6
22404 65 91 5
22414 64 93 6
22418 64 92 6
22424 64 94 6
22425 64 93 6
22435 63 95 6
22435 64 94 6
22449 63 96 6
22462 63 96 6
22465 62 97 6
22484 61 98 7
22539 60 97 6
22559 60 96 5
22567 59 96 5
22572 60 96 5
22573 59 95 5
22578 59 96 5
22583 59 95 5
22589 58 94 5
22599 58 93 5
22603 58 94 5
22609 58 92 5
22610 58 93 5
22619 58 91 4
22620 58 92 5
22629 57 90 5
22634 57 89 5
22641 57 90 5
22644 57 88 4
22645 57 89 5
22649 57 87 4
22656 57 88 4
22660 56 86 5
22660 57 87 4
22664 56 85 5
22674 56 84 5
22674 56 86 5
22675 56 85 5
22679 56 83 5
22683 56 84 5
22684 56 82 5
22688 56 83 5
22694 56 81 5
22694 56 82 5
22699 56 80 5
22704 56 81 5
22705 55 79 5
22709 56 80 5
22714 55 78 5
22719 55 77 5
22721 55 79 5
22724 55 76 5
22724 55 78 5
22728 55 77 5
22734 55 75 5
22734 55 76 5
22739 55 74 5
22744 55 75 5
22745 55 73 4
22749 55 74 5
22754 55 72 4
22759 55 71 4
22761 55 73 4
22764 55 70 4
22764 55 72 4
22768 55 71 4
22774 55 69 4
22774 55 70 4
22780 54 68 5
22785 55 69 4
22789 54 67 5
22794 54 66 4
22796 54 68 5
22799 54 65 4
22800 54 67 5
22806 54 66 4
22809 54 64 4
22810 54 65 4
22814 54 63 4
22818 54 64 4
22824 54 62 4
22825 54 63 4
22829 54 61 4
22834 54 62 4
22839 54 60 4
22840 54 61 4
22844 54 59 4
22849 54 60 4
22854 54 58 4
22855 54 59 4
22864 54 57 4
22865 54 58 4
22869 54 56 4
22874 54 57 4
22880 54 55 3
22880 54 56 4
22889 54 54 3
22894 54 53 3
22896 54 55 3
22899 54 54 3
22904 54 52 3
22904 54 53 3
22914 54 51 3
22915 54 52 3
22924 54 50 3
22924 54 51 3
22934 54 49 3
22935 54 50 3
22944 54 48 3
22944 54 49 3
22954 54 47 3
22955 54 48 3
22964 54 47 3
22969 54 46 3
22979 54 45 3
22980 54 46 3
22989 54 44 3
22989 54 45 3
23000 54 44 3
23004 54 43 3
23015 54 43 3
23015 55 42 2
23029 55 41 2
23042 55 41 2
23044 55 40 2
23055 55 40 2
23059 55 39 2
23070 55 39 2
23079 55 38 2
23091 55 38 2
23094 55 37 2
23105 55 37 2
23113 55 36 2
23125 55 36 2
23159 55 35 2
23184 55 34 2
23214 56 33 1
23249 56 32 1
23294 56 31 1
23349 56 30 2
23439 57 29 1
23699 58 30 1
23834 58 31 1
23934 59 32 0
24029 59 33 1
24114 59 34 1
24204 60 35 0
24294 60 36 0
24489 60 37 1
24614 61 38 0
24789 61 39 0
25009 61 39 0
25234 61 38 0
25409 61 37 1
25534 62 36 0
25730 62 35 1
25820 62 34 1
25910 63 33 0
25995 63 32 0
26090 63 31 1
26190 64 30 0
26325 64 29 1
26476 65 29 1
26585 65 30 1
26655 66 30 1
26673 66 31 1
26687 66 31 1
26729 66 32 1
26774 66 33 2
26809 66 34 2
26839 67 35 1
26864 67 36 1
26909 67 37 2
26928 67 38 2
26942 67 38 2
26943 67 39 2
26954 67 39 2
26963 67 40 2
26975 67 40 2
26979 67 41 3
26993 67 42 3
27006 67 42 3
27009 68 43 2
27018 68 44 2
27025 68 43 2
27029 68 44 2
27033 68 45 2
27043 68 46 2
27044 68 45 2
27053 68 46 2
27053 68 47 2
27064 68 47 2
27068 68 48 2
27079 68 48 2
27079 68 49 3
27088 68 50 3
27095 68 49 3
27098 68 51 3
27099 68 50 3
27108 68 51 3
27108 68 52 3
27118 68 53 3
27119 68 52 3
27128 68 53 3
27128 68 54 3
27133 68 55 3
27138 68 54 3
27143 68 55 3
27143 68 56 3
27153 68 57 3
27154 68 56 3
27158 68 58 3
27162 68 57 3
27168 68 58 3
27168 68 59 3
27178 68 60 3
27179 68 59 3
27183 68 61 3
27187 68 60 3
27193 68 61 3
27194 68 62 4
27198 68 63 4
27208 68 62 4
27208 68 64 4
27209 68 63 4
27213 68 65 4
27217 68 64 4
27223 68 65 4
27223 68 66 4
27228 68 67 4
27233 68 66 4
27233 68 68 4
27237 68 67 4
27243 68 68 4
27244 67 69 5
27248 67 70 5
27258 67 69 5
27259 67 70 5
27258 67 71 5
27263 67 72 5
27267 67 71 5
27268 67 73 5
27272 67 72 5
27278 67 73 5
27278 67 74 5
27283 67 75 5
27292 67 75 5
27288 67 74 5
27288 67 76 5
27298 67 76 5
27298 67 77 5
27303 67 78 5
27308 67 77 5
27308 67 79 5
27312 67 78 5
27318 67 79 5
27319 66 80 5
27323 66 81 5
27328 66 82 5
27333 66 80 5
27333 66 81 5
27338 66 82 5
27338 66 83 5
27343 66 84 5
27348 66 83 5
27348 66 85 5
27352 66 84 5
27358 66 85 5
27358 66 86 5
27364 65 87 6
27369 66 86 5
27373 65 88 6
27378 65 89 6
27380 65 87 6
27383 65 88 6
27388 65 89 6
27389 65 90 5
27393 65 91 5
27403 65 90 5
27404 65 91 5
27405 64 92 6
27414 64 93 6
27421 64 92 6
27424 64 94 6
27425 64 93 6
27434 64 94 6
27435 63 95 6
27449 63 96 6
27462 63 96 6
27465 62 97 6
27484 61 98 7
27539 60 97 6
27559 60 96 5
27567 59 96 5
27572 60 96 5
27573 59 95 5
27578 59 96 5
27583 59 95 5
27589 58 94 5
27599 58 93 5
27603 58 94 5
27609 58 92 5
27610 58 93 5
27619 58 91 4
27620 58 92 5
27629 57 90 5
27634 57 89 5
27641 57 90 5
27644 57 88 4
27645 57 89 5
27649 57 87 4
27656 57 88 4
27660 56 86 5
27660 57 87 4
27664 56 85 5
27674 56 84 5
27674 56 86 5
27679 56 83 5
27683 56 84 5
27675 56 85 5
27684 56 82 5
27688 56 83 5
27694 56 81 5
27694 56 82 5
27699 56 80 5
27704 56 81 5
27705 55 79 5
27709 56 80 5
27714 55 78 5
27719 55 77 5
27721 55 79 5
27724 55 76 5
27724 55 78 5
27728 55 77 5
27734 55 75 5
27734 55 76 5
27739 55 74 5
27744 55 75 5
27745 55 73 4
27749 55 74 5
27754 55 72 4
27759 55 71 4
27761 55 73 4
27764 55 70 4
27764 55 72 4
27768 55 71 4
27774 55 69 4
27774 55 70 4
27780 54 68 5
27785 55 69 4
27789 54 67 5
27794 54 66 4
27796 54 68 5
27799 54 65 4
27800 54 67 5
27806 54 66 4
27809 54 64 4
27810 54 65 4
27814 54 63 4
27819 54 64 4
27824 54 62 4
27825 54 63 4
27829 54 61 4
27834 54 62 4
27839 54 60 4
27840 54 61 4
27844 54 59 4
27849 54 60 4
27854 54 58 4
27855 54 59 4
27864 54 57 4
27865 54 58 4
27869 54 56 4
27874 54 57 4
27880 54 55 3
27880 54 56 4
27889 54 54 3
27894 54 53 3
27896 54 55 3
27899 54 54 3
27904 54 52 3
27904 54 53 3
27914 54 51 3
27915 54 52 3
27924 54 50 3
27924 54 51 3
27934 54 49 3
27935 54 50 3
27944 54 48 3
27944 54 49 3
27954 54 47 3
27955 54 48 3
27964 54 47 3
27969 54 46 3
27979 54 45 3
27980 54 46 3
27989 54 44 3
27989 54 45 3
28000 54 44 3
28004 54 43 3
28014 55 42 2
28015 54 43 3
28028 55 41 2
28041 55 41 2
28043 55 40 2
28054 55 40 2
28058 55 39 2
28070 55 39 2
28078 55 38 2
28090 55 38 2
28093 55 37 2
28104 55 37 2
28113 55 36 2
28125 55 36 2
28159 55 35 2
28184 55 34 2
28214 56 33 1
28249 56 32 1
28294 56 31 1
28349 56 30 2
28439 57 29 1
28699 58 30 1
28834 58 31 1
28934 59 32 0
29029 59 33 1
29114 59 34 1
29204 60 35 0
29294 60 36 0
29489 60 37 1
29614 61 38 0
29789 61 39 0
30009 61 39 0
30234 61 38 0
30409 61 37 1
30534 62 36 0
30730 62 35 1
30820 62 34 1
30910 63 33 0
30995 63 32 0
31090 63 31 1
31190 64 30 0
31325 64 29 1
31476 65 29 1
31585 65 30 1
31655 66 30 1
31673 66 31 1
31687 66 31 1
31729 66 32 1
31774 66 33 2
31809 66 34 2
31839 67 35 1
31864 67 36 1
31909 67 37 2
31928 67 38 2
31942 67 38 2
31943 67 39 2
31954 67 39 2
31963 67 40 2
31975 67 40 2
31979 67 41 3
31993 67 42 3
32006 67 42 3
32009 68 43 2
32018 68 44 2
32025 68 43 2
32029 68 44 2
32033 68 45 2
32043 68 46 2
32044 68 45 2
32053 68 46 2
32053 68 47 2
32064 68 47 2
32068 68 48 2
32079 68 48 2
32079 68 49 3
32088 68 50 3
32095 68 49 3
32098 68 51 3
32099 68 50 3
32108 68 51 3
32108 68 52 3
32118 68 53 3
32119 68 52 3
32128 68 53 3
32128 68 54 3
32133 68 55 3
32138 68 54 3
32143 68 55 3
32143 68 56 3
32153 68 57 3
32154 68 56 3
32158 68 58 3
32162 68 57 3
32168 68 58 3
32168 68 59 3
32178 68 60 3
32179 68 59 3
32183 68 61 3
32187 68 60 3
32193 68 61 3
32194 68 62 4
32198 68 63 4
32208 68 62 4
32208 68 64 4
32209 68 63 4
32213 68 65 4
32217 68 64 4
32223 68 65 4
32223 68 66 4
32228 68 67 4
32233 68 66 4
32233 68 68 4
32237 68 67 4
32243 68 68 4
32244 67 69 5
32248 67 70 5
32258 67 69 5
32259 67 70 5
32258 67 71 5
32263 67 72 5
32267 67 71 5
32268 67 73 5
32272 67 72 5
32278 67 73 5
32278 67 74 5
32283 67 75 5
32288 67 74 5
32288 67 76 5
32292 67 75 5
32298 67 76 5
32298 67 77 5
32303 67 78 5
32308 67 77 5
32308 67 79 5
32312 67 78 5
32318 67 79 5
32319 66 80 5
32323 66 81 5
32328 66 82 5
32333 66 80 5
32333 66 81 5
32338 66 82 5
32338 66 83 5
32343 66 84 5
32348 66 83 5
32348 66 85 5
32352 66 84 5
32358 66 85 5
32358 66 86 5
32364 65 87 6
32369 66 86 5
32373 65 88 6
32378 65 89 6
32380 65 87 6
32383 65 88 6
32388 65 89 6
32389 65 90 5
32393 65 91 5
32403 65 90 5
32404 65 91 5
32405 64 92 6
32414 64 93 6
32421 64 92 6
32424 64 94 6
32425 64 93 6
32434 64 94 6
32435 63 95 6
32449 63 96 6
32462 63 96 6
32465 62 97 6
32484 61 98 7
32539 60 97 6
32559 60 96 5
32567 59 96 5
32572 60 96 5
32573 59 95 5
32578 59 96 5
32583 59 95 5
32589 58 94 5
32599 58 93 5
32603 58 94 5
32609 58 92 5
32610 58 93 5
32619 58 91 4
32620 58 92 5
32629 57 90 5
32634 57 89 5
32641 57 90 5
32644 57 88 4
32645 57 89 5
32649 57 87 4
32656 57 88 4
32660 56 86 5
32660 57 87 4
32664 56 85 5
32674 56 84 5
32674 56 86 5
32675 56 85 5
32679 56 83 5
32683 56 84 5
32684 56 82 5
32688 56 83 5
32694 56 81 5
32694 56 82 5
32699 56 80 5
32704 56 81 5
32705 55 79 5
32709 56 80 5
32714 55 78 5
32719 55 77 5
32721 55 79 5
32724 55 76 5
32724 55 78 5
32728 55 77 5
32734 55 75 5
32734 55 76 5
32739 55 74 5
32744 55 75 5
32745 55 73 4
32749 55 74 5
32754 55 72 4
32759 55 71 4
32761 55 73 4
32764 55 70 4
32764 55 72 4
32768 55 71 4
32774 55 69 4
32774 55 70 4
32780 54 68 5
32785 55 69 4
32789 54 67 5
32794 54 66 4
32796 54 68 5
32799 54 65 4
32800 54 67 5
32806 54 66 4
32809 54 64 4
32810 54 65 4
32814 54 63 4
32819 54 64 4
32824 54 62 4
32825 54 63 4
32829 54 61 4
32834 54 62 4
32839 54 60 4
32840 54 61 4
32844 54 59 4
32849 54 60 4
32854 54 58 4
32855 54 59 4
32864 54 57 4
32865 54 58 4
32869 54 56 4
32874 54 57 4
32880 54 55 3
32880 54 56 4
32889 54 54 3
32894 54 53 3
32896 54 55 3
32899 54 54 3
32904 54 52 3
32904 54 53 3
32914 54 51 3
32915 54 52 3
32924 54 50 3
32924 54 51 3
32934 54 49 3
32935 54 50 3
32944 54 48 3
32944 54 49 3
32954 54 47 3
32955 54 48 3
32964 54 47 3
32969 54 46 3
32979 54 45 3
32980 54 46 3
32989 54 44 3
32989 54 45 3
33000 54 44 3
33004 54 43 3
33014 55 42 2
33015 54 43 3
33028 55 41 2
33041 55 41 2
33043 55 40 2
33054 55 40 2
33058 55 39 2
33069 55 39 2
33078 55 38 2
33090 55 38 2
33093 55 37 2
33104 55 37 2
33113 55 36 2
33125 55 36 2
33159 55 35 2
33184 55 34 2
33214 56 33 1
33249 56 32 1
33294 56 31 1
33349 56 30 2
33439 57 29 1
33699 58 30 1
33834 58 31 1
33934 59 32 0
34029 59 33 1
34114 59 34 1
34204 60 35 0
34294 60 36 0
34489 60 37 1
34614 61 38 0
34789 61 39 0
35009 61 39 0
35234 61 38 0
35409 61 37 1
35534 62 36 0
35730 62 35 1
35820 62 34 1
35910 63 33 0
35995 63 32 0
36090 63 31 1
36190 64 30 0
36325 64 29 1
36476 65 29 1
36585 65 30 1
36655 66 30 1
36673 66 31 1
36687 66 31 1
36729 66 32 1
36774 66 33 2
36809 66 34 2
36839 67 35 1
36864 67 36 1
36909 67 37 2
36928 67 38 2
36942 67 38 2
36943 67 39 2
36954 67 39 2
36963 67 40 2
36975 67 40 2
36979 67 41 3
36993 67 42 3
37006 67 42 3
37009 68 43 2
37018 68 44 2
37025 68 43 2
37029 68 44 2
37033 68 45 2
37043 68 46 2
37044 68 45 2
37053 68 46 2
37053 68 47 2
37064 68 47 2
37068 68 48 2
37079 68 48 2
37079 68 49 3
37088 68 50 3
37095 68 49 3
37098 68 51 3
37099 68 50 3
37108 68 51 3
37108 68 52 3
37118 68 53 3
37119 68 52 3
37128 68 53 3
37128 68 54 3
37133 68 55 3
37138 68 54 3
37143 68 55 3
37143 68 56 3
37153 68 57 3
37154 68 56 3
37158 68 58 3
37162 68 57 3
37168 68 58 3
37168 68 59 3
37178 68 60 3
37179 68 59 3
37183 68 61 3
37187 68 60 3
37193 68 61 3
37194 68 62 4
37198 68 63 4
37208 68 62 4
37208 68 64 4
37209 68 63 4
37213 68 65 4
37217 68 64 4
37223 68 65 4
37223 68 66 4
37228 68 67 4
37233 68 66 4
37233 68 68 4
37237 68 67 4
37243 68 68 4
37244 67 69 5
37248 67 70 5
37258 67 69 5
37258 67 71 5
37259 67 70 5
37263 67 72 5
37267 67 71 5
37268 67 73 5
37272 67 72 5
37278 67 73 5
37278 67 74 5
37283 67 75 5
37288 67 74 5
37288 67 76 5
37292 67 75 5
37298 67 76 5
37298 67 77 5
37303 67 78 5
37308 67 77 5
37308 67 79 5
37312 67 78 5
37318 67 79 5
37319 66 80 5
37323 66 81 5
37328 66 82 5
37333 66 80 5
37333 66 81 5
37338 66 82 5
37338 66 83 5
37343 66 84 5
37348 66 83 5
37348 66 85 5
37352 66 84 5
37358 66 85 5
37358 66 86 5
37364 65 87 6
37369 66 86 5
37373 65 88 6
37378 65 89 6
37380 65 87 6
37383 65 88 6
37388 65 89 6
37389 65 90 5
37393 65 91 5
37403 65 90 5
37404 65 91 5
37405 64 92 6
37414 64 93 6
37421 64 92 6
37424 64 94 6
37425 64 93 6
37434 64 94 6
37435 63 95 6
37449 63 96 6
37462 63 96 6
37465 62 97 6
37484 61 98 7
37539 60 97 6
37559 60 96 5
37567 59 96 5
37572 60 96 5
37573 59 95 5
37578 59 96 5
37583 59 95 5
37589 58 94 5
37599 58 93 5
37603 58 94 5
37609 58 92 5
37610 58 93 5
37619 58 91 4
37620 58 92 5
37629 57 90 5
37634 57 89 5
37641 57 90 5
37644 57 88 4
37645 57 89 5
37649 57 87 4
37656 57 88 4
37660 56 86 5
37660 57 87 4
37664 56 85 5
37674 56 84 5
37674 56 86 5
37675 56 85 5
37679 56 83 5
37683 56 84 5
37684 56 82 5
37688 56 83 5
37694 56 81 5
37694 56 82 5
37699 56 80 5
37704 56 81 5
37705 55 79 5
37709 56 80 5
37714 55 78 5
37719 55 77 5
37721 55 79 5
37724 55 76 5
37724 55 78 5
37728 55 77 5
37734 55 75 5
37734 55 76 5
37739 55 74 5
37744 55 75 5
37745 55 73 4
37749 55 74 5
37754 55 72 4
37759 55 71 4
37761 55 73 4
37764 55 70 4
37764 55 72 4
37768 55 71 4
37774 55 69 4
37774 55 70 4
37780 54 68 5
37785 55 69 4
37789 54 67 5
37794 54 66 4
37796 54 68 5
37799 54 65 4
37800 54 67 5
37806 54 66 4
37809 54 64 4
37810 54 65 4
37814 54 63 4
37819 54 64 4
37824 54 62 4
37825 54 63 4
37829 54 61 4
37834 54 62 4
37839 54 60 4
37840 54 61 4
37844 54 59 4
37849 54 60 4
37854 54 58 4
37855 54 59 4
37864 54 57 4
37865 54 58 4
37869 54 56 4
37874 54 57 4
37880 54 55 3
37880 54 56 4
37889 54 54 3
37894 54 53 3
37896 54 55 3
37899 54 54 3
37904 54 52 3
37904 54 53 3
37914 54 51 3
37915 54 52 3
37924 54 50 3
37924 54 51 3
37934 54 49 3
37935 54 50 3
37944 54 48 3
37944 54 49 3
37954 54 47 3
37955 54 48 3
37964 54 47 3
37969 54 46 3
37979 54 45 3
37980 54 46 3
37989 54 44 3
37989 54 45 3
38000 54 44 3
38004 54 43 3
38014 55 42 2
38015 54 43 3
38028 55 41 2
38041 55 41 2
38043 55 40 2
38054 55 40 2
38058 55 39 2
38069 55 39 2
38078 55 38 2
38090 55 38 2
38093 55 37 2
38104 55 37 2
38113 55 36 2
38125 55 36 2
38159 55 35 2
38184 55 34 2
38214 56 33 1
38249 56 32 1
38294 56 31 1
38349 56 30 2
38439 57 29 1
38699 58 30 1
38834 58 31 1
38934 59 32 0
39029 59 33 1
39114 59 34 1
39204 60 35 0
39294 60 36 0
39489 60 37 1
39614 61 38 0
39789 61 39 0
40009 61 39 0
40234 61 38 0
40409 61 37 1
40534 62 36 0
40730 62 35 1
40820 62 34 1
40910 63 33 0
40995 63 32 0
41090 63 31 1
41190 64 30 0
41324 64 29 1
41475 65 29 1
41585 65 30 1
41655 66 30 1
41673 66 31 1
41687 66 31 1
41729 66 32 1
41774 66 33 2
41809 66 34 2
41839 67 35 1
41864 67 36 1
41909 67 37 2
41928 67 38 2
41942 67 38 2
41943 67 39 2
41954 67 39 2
41963 67 40 2
41975 67 40 2
41979 67 41 3
41993 67 42 3
42006 67 42 3
42009 68 43 2
42018 68 44 2
42025 68 43 2
42029 68 44 2
42033 68 45 2
42043 68 46 2
42044 68 45 2
42053 68 46 2
42053 68 47 2
42064 68 47 2
42068 68 48 2
42079 68 48 2
42079 68 49 3
42088 68 50 3
42095 68 49 3
42098 68 51 3
42099 68 50 3
42108 68 51 3
42108 68 52 3
42118 68 53 3
42119 68 52 3
42128 68 53 3
42128 68 54 3
42133 68 55 3
42138 68 54 3
42143 68 55 3
42143 68 56 3
42153 68 57 3
42154 68 56 3
42158 68 58 3
42162 68 57 3
42168 68 58 3
42168 68 59 3
42178 68 60 3
42179 68 59 3
42183 68 61 3
42187 68 60 3
42193 68 61 3
42194 68 62 4
42198 68 63 4
42208 68 62 4
42208 68 64 4
42209 68 63 4
42213 68 65 4
42217 68 64 4
42223 68 65 4
42223 68 66 4
42228 68 67 4
42233 68 66 4
42233 68 68 4
42237 68 67 4
42243 68 68 4
42244 67 69 5
42248 67 70 5
42258 67 69 5
42258 67 71 5
42259 67 70 5
42263 67 72 5
42267 67 71 5
42268 67 73 5
42272 67 72 5
42278 67 73 5
42278 67 74 5
42283 67 75 5
42288 67 74 5
42288 67 76 5
42292 67 75 5
42298 67 76 5
42298 67 77 5
42303 67 78 5
42308 67 77 5
42308 67 79 5
42312 67 78 5
42318 67 79 5
42319 66 80 5
42323 66 81 5
42328 66 82 5
42333 66 80 5
42333 66 81 5
42338 66 82 5
42338 66 83 5
42343 66 84 5
42348 66 83 5
42348 66 85 5
42352 66 84 5
42358 66 85 5
42358 66 86 5
42364 65 87 6
42369 66 86 5
42373 65 88 6
42378 65 89 6
42380 65 87 6
42383 65 88 6
42388 65 89 6
42389 65 90 5
42393 65 91 5
42403 65 90 5
42404 65 91 5
42405 64 92 6
42414 64 93 6
42421 64 92 6
42424 64 94 6
42425 64 93 6
42434 64 94 6
42435 63 95 6
42449 63 96 6
42462 63 96 6
42465 62 97 6
42484 61 98 7
42539 60 97 6
42559 60 96 5
42567 59 96 5
42572 60 96 5
42573 59 95 5
42578 59 96 5
42583 59 95 5
42589 58 94 5
42599 58 93 5
42603 58 94 5
42609 58 92 5
42610 58 93 5
42619 58 91 4
42620 58 92 5
42629 57 90 5
42634 57 89 5
42641 57 90 5
42644 57 88 4
42645 57 89 5
42649 57 87 4
42656 57 88 4
42660 56 86 5
42660 57 87 4
42664 56 85 5
42674 56 84 5
42674 56 86 5
42675 56 85 5
42679 56 83 5
42683 56 84 5
42684 56 82 5
42688 56 83 5
42694 56 81 5
42694 56 82 5
42699 56 80 5
42704 56 81 5
42705 55 79 5
42709 56 80 5
42713 55 78 5
42718 55 77 5
42721 55 79 5
42723 55 76 5
42724 55 78 5
42727 55 77 5
42733 55 75 5
42734 55 76 5
42738 55 74 5
42743 55 75 5
42745 55 73 4
42748 55 74 5
42753 55 72 4
42758 55 71 4
42760 55 73 4
42763 55 70 4
42764 55 72 4
42767 55 71 4
42773 55 69 4
42774 55 70 4
42780 54 68 5
42784 55 69 4
42789 54 67 5
42794 54 66 4
42796 54 68 5
42799 54 65 4
42800 54 67 5
42806 54 66 4
42809 54 64 4
42810 54 65 4
42814 54 63 4
42819 54 64 4
42824 54 62 4
42825 54 63 4
42829 54 61 4
42834 54 62 4
42839 54 60 4
42840 54 61 4
42844 54 59 4
42849 54 60 4
42854 54 58 4
42855 54 59 4
42864 54 57 4
42865 54 58 4
42869 54 56 4
42874 54 57 4
42880 54 55 3
42880 54 56 4
42889 54 54 3
42894 54 53 3
42896 54 55 3
42899 54 54 3
42904 54 52 3
42904 54 53 3
42914 54 51 3
42915 54 52 3
42924 54 50 3
42924 54 51 3
42934 54 49 3
42935 54 50 3
42944 54 48 3
42944 54 49 3
42954 54 47 3
42955 54 48 3
42964 54 47 3
42969 54 46 3
42979 54 45 3
42980 54 46 3
42989 54 44 3
42989 54 45 3
43000 54 44 3
43004 54 43 3
43014 55 42 2
43015 54 43 3
43028 55 41 2
43041 55 41 2
43043 55 40 2
43054 55 40 2
43058 55 39 2
43069 55 39 2
43078 55 38 2
43090 55 38 2
43093 55 37 2
43104 55 37 2
43113 55 36 2
43125 55 36 2
43159 55 35 2
43184 55 34 2
43214 56 33 1
43249 56 32 1
43294 56 31 1
43349 56 30 2
43439 57 29 1
43699 58 30 1
43834 58 31 1
43934 59 32 0
44029 59 33 1
44114 59 34 1
44204 60 35 0
44294 60 36 0
44489 60 37 1
44614 61 38 0
44789 61 39 0
45009 61 39 0
45234 61 38 0
45409 61 37 1
45534 62 36 0
45729 62 35 1
45819 62 34 1
45909 63 33 0
45994 63 32 0
46089 63 31 1
46189 64 30 0
46324 64 29 1
46475 65 29 1
46584 65 30 1
46655 66 30 1
46673 66 31 1
46687 66 31 1
46729 66 32 1
46774 66 33 2
46809 66 34 2
46839 67 35 1
46864 67 36 1
46909 67 37 2
46928 67 38 2
46942 67 38 2
46943 67 39 2
46954 67 39 2
46963 67 40 2
46975 67 40 2
46979 67 41 3
46993 67 42 3
47006 67 42 3
47009 68 43 2
47018 68 44 2
47025 68 43 2
47029 68 44 2
47033 68 45 2
47043 68 46 2
47044 68 45 2
47053 68 46 2
47053 68 47 2
47064 68 47 2
47068 68 48 2
47079 68 48 2
47079 68 49 3
47088 68 50 3
47095 68 49 3
47098 68 51 3
47099 68 50 3
47108 68 51 3
47108 68 52 3
47118 68 53 3
47119 68 52 3
47128 68 53 3
47128 68 54 3
47133 68 55 3
47138 68 54 3
47143 68 55 3
47143 68 56 3
47153 68 57 3
47154 68 56 3
47158 68 58 3
47162 68 57 3
47168 68 58 3
47168 68 59 3
47178 68 60 3
47179 68 59 3
47183 68 61 3
47187 68 60 3
47193 68 61 3
47194 68 62 4
47198 68 63 4
47208 68 62 4
47208 68 64 4
47209 68 63 4
47213 68 65 4
47217 68 64 4
47223 68 65 4
47223 68 66 4
47228 68 67 4
47233 68 66 4
47233 68 68 4
47237 68 67 4
47243 68 68 4
47244 67 69 5
47248 67 70 5
47258 67 69 5
47258 67 71 5
47259 67 70 5
47263 67 72 5
47267 67 71 5
47268 67 73 5
47272 67 72 5
47278 67 73 5
47278 67 74 5
47283 67 75 5
47288 67 74 5
47288 67 76 5
47292 67 75 5
47298 67 76 5
47298 67 77 5
47303 67 78 5
47308 67 77 5
47308 67 79 5
47312 67 78 5
47318 67 79 5
47319 66 80 5
47323 66 81 5
47328 66 82 5
47333 66 80 5
47333 66 81 5
47338 66 82 5
47338 66 83 5
47343 66 84 5
47348 66 83 5
47348 66 85 5
47352 66 84 5
47358 66 85 5
47358 66 86 5
47364 65 87 6
47369 66 86 5
47373 65 88 6
47378 65 89 6
47380 65 87 6
47383 65 88 6
47388 65 89 6
47389 65 90 5
47393 65 91 5
47403 65 90 5
47404 65 91 5
47405 64 92 6
47414 64 93 6
47421 64 92 6
47424 64 94 6
47425 64 93 6
47434 64 94 6
47435 63 95 6
47449 63 96 6
47462 63 96 6
47465 62 97 6
47484 61 98 7
47539 60 97 6
47559 60 96 5
47567 59 96 5
47572 60 96 5
47573 59 95 5
47578 59 96 5
47583 59 95 5
47589 58 94 5
47599 58 93 5
47603 58 94 5
47609 58 92 5
47610 58 93 5
47619 58 91 4
47620 58 92 5
47629 57 90 5
47634 57 89 5
47641 57 90 5
47644 57 88 4
47645 57 89 5
47649 57 87 4
47656 57 88 4
47659 56 86 5
47660 57 87 4
47663 56 85 5
47673 56 84 5
47674 56 86 5
47675 56 85 5
47678 56 83 5
47682 56 84 5
47683 56 82 5
47687 56 83 5
47693 56 81 5
47694 56 82 5
47698 56 80 5
47703 56 81 5
47705 55 79 5
47708 56 80 5
47713 55 78 5
47718 55 77 5
47720 55 79 5
47723 55 76 5
47724 55 78 5
47727 55 77 5
47733 55 75 5
47733 55 76 5
47738 55 74 5
47743 55 75 5
47744 55 73 4
47748 55 74 5
47753 55 72 4
47758 55 71 4
47760 55 73 4
47763 55 70 4
47763 55 72 4
47767 55 71 4
47773 55 69 4
47773 55 70 4
47780 54 68 5
47784 55 69 4
47789 54 67 5
47794 54 66 4
47796 54 68 5
47800 54 67 5
47799 54 65 4
47806 54 66 4
47809 54 64 4
47810 54 65 4
47814 54 63 4
47819 54 64 4
47824 54 62 4
47825 54 63 4
47829 54 61 4
47834 54 62 4
47839 54 60 4
47840 54 61 4
47844 54 59 4
47849 54 60 4
47854 54 58 4
47855 54 59 4
47864 54 57 4
47865 54 58 4
47869 54 56 4
47874 54 57 4
47880 54 55 3
47880 54 56 4
47889 54 54 3
47894 54 53 3
47896 54 55 3
47899 54 54 3
47904 54 52 3
47904 54 53 3
47914 54 51 3
47915 54 52 3
47924 54 50 3
47924 54 51 3
47934 54 49 3
47935 54 50 3
47944 54 48 3
47944 54 49 3
47954 54 47 3
47955 54 48 3
47964 54 47 3
47969 54 46 3
47979 54 45 3
47980 54 46 3
47989 54 44 3
47989 54 45 3
48000 54 44 3
48004 54 43 3
48014 55 42 2
48015 54 43 3
48028 55 41 2
48041 55 41 2
48043 55 40 2
48054 55 40 2
48058 55 39 2
48069 55 39 2
48078 55 38 2
48090 55 38 2
48093 55 37 2
48104 55 37 2
48113 55 36 2
48125 55 36 2
48159 55 35 2
48184 55 34 2
48214 56 33 1
48249 56 32 1
48294 56 31 1
48349 56 30 2
48439 57 29 1
48699 58 30 1
48834 58 31 1
48934 59 32 0
49029 59 33 1
49114 59 34 1
49204 60 35 0
49294 60 36 0
