12675 40 54 12
13222 41 47 12
13240 40 52 12
13380 42 57 12
13540 43 59 11
13671 43 60 11
13844 43 58 11
14074 43 66 12
14078 43 59 12
14171 44 66 12
14228 43 66 12
14310 42 64 12
14313 43 65 11
14356 40 45 14
14426 42 53 11
14535 43 66 14
14636 43 64 12
14646 43 63 13
14654 45 66 12
14708 43 61 13
14801 44 62 12
14837 40 52 13
14837 41 52 12
14892 44 59 12
14922 44 58 12
14953 41 45 11
14998 43 62 12
15047 44 64 12
15072 45 63 12
15076 41 46 12
15096 41 45 13
15099 40 53 14
15099 42 53 12
15099 41 53 13
15111 40 51 15
15118 44 60 12
15121 43 54 9
15207 43 45 12
15228 41 54 14
15243 45 62 12
15255 41 45 12
15363 42 47 14
15366 44 51 9
15379 43 53 10
15476 45 58 12
15497 44 53 10
15531 44 52 10
15535 41 52 15
15541 45 63 12
15550 44 62 13
15551 44 47 10
15552 44 51 12
15589 44 46 11
15623 41 54 12
15661 45 60 12
15673 44 50 12
15719 46 59 10
15728 44 45 10
15733 43 53 11
15755 46 62 10
15772 45 59 12
15794 42 53 13
15819 41 47 15
15888 44 45 10
15908 44 50 10
15926 45 46 11
15936 45 55 9
15948 42 62 16
15951 43 47 14
15986 45 52 10
15986 45 52 11
15991 46 57 10
15991 46 57 11
15992 46 58 11
15992 46 58 12
15994 45 51 12
15998 41 53 13
16001 45 64 12
16020 46 59 9
16024 43 53 13
16028 44 54 12
16037 43 55 13
16048 42 61 16
16050 46 61 11
16076 42 56 12
16084 43 52 14
16114 44 46 13
16145 42 59 16
16149 43 54 11
16150 43 46 12
16157 47 60 11
16158 45 45 12
16165 42 51 10
16165 42 51 14
16167 47 59 7
16168 42 58 13
16174 43 45 13
16197 45 53 10
16199 45 62 9
16224 44 46 11
16239 46 56 12
16244 45 46 12
16251 47 59 7
16252 42 57 16
16256 46 74 11
16274 43 51 12
16288 47 58 7
16289 45 63 9
16323 43 54 15
16357 43 62 12
16368 43 57 14
16372 47 59 8
16384 47 56 10
16411 42 63 15
16424 43 58 15
16438 46 52 11
16453 46 51 8
16479 43 57 13
16483 44 55 10
16483 43 55 11
16490 43 56 16
16493 44 53 17
16493 44 53 19
16520 46 54 9
16527 47 57 8
16540 40 54 17
16540 42 54 15
16552 44 46 14
16573 43 52 15
16590 47 62 12
16621 44 60 11
16625 43 51 15
16648 43 46 13
16648 46 57 9
16649 44 52 11
16666 43 46 13
16671 46 45 10
16671 46 45 11
16705 42 46 17
16733 47 63 8
16751 44 51 15
16757 47 61 8
16777 45 59 10
16783 44 58 11
16792 44 48 11
16796 47 47 12
16811 45 55 12
16811 48 55 9
16825 46 45 10
16829 45 62 9
16830 42 63 16
16872 46 62 11
16906 45 61 11
16939 44 53 14
16939 48 53 10
16972 44 55 11
17054 43 63 13
17069 48 53 10
17077 45 47 11
17080 48 46 9
17110 45 45 13
17143 47 46 10
17150 45 63 10
17153 42 65 13
17157 48 54 12
17169 45 61 13
17185 44 64 12
17241 46 55 14
17242 47 54 9
17244 42 64 12
17249 48 50 12
17251 45 46 15
17258 43 65 13
17267 46 53 14
17276 45 64 10
17279 47 57 13
17287 48 47 9
17299 49 55 10
17321 43 64 12
17372 45 53 10
17396 44 64 13
17396 46 62 11
17423 47 48 12
17424 47 56 12
17467 48 49 12
17471 47 65 8
17500 47 53 10
17507 47 64 9
17511 42 62 17
17544 45 65 11
17583 48 49 12
17583 55 49 5
17620 47 45 12
17622 46 46 12
17660 46 59 12
17701 49 54 8
17748 46 45 12
17763 49 50 8
17776 45 65 12
17784 46 52 15
17784 47 52 14
17786 48 66 11
17786 47 55 14
17802 49 52 10
17810 48 52 9
17864 46 53 14
17868 47 67 12
17881 45 56 16
17887 49 50 12
17891 49 51 12
17929 46 51 12
17963 48 56 10
17998 46 65 13
18010 46 67 14
18017 46 55 15
18029 48 65 12
18052 49 66 12
18069 50 62 8
18082 46 61 12
18117 50 55 8
18162 50 52 10
18169 50 53 11
18170 50 65 11
18188 48 55 11
18213 50 66 10
18216 50 54 10
18224 50 63 12
18232 49 55 12
18238 50 52 8
18258 50 53 8
18275 47 56 11
18282 47 46 14
18289 46 77 10
18300 47 45 13
18315 49 66 13
18332 43 60 15
18338 48 50 13
18342 52 66 12
18344 51 62 11
18354 51 67 9
18363 46 75 10
18363 53 66 8
18369 50 52 9
18369 49 56 7
18375 51 65 12
18391 50 55 12
18393 49 54 13
18395 50 66 13
18435 53 66 12
18450 50 65 13
18467 50 54 9
18472 52 66 10
18472 54 66 8
18517 53 66 11
18525 47 56 14
18545 50 49 11
18546 51 62 10
18545 49 49 12
18573 47 54 15
18579 49 50 13
18586 52 66 14
18603 47 51 12
18604 48 56 11
18606 52 65 11
18623 47 57 14
18646 48 54 12
18658 54 66 11
18677 49 48 12
18682 48 52 14
18686 51 53 10
18712 47 55 15
18726 48 53 14
18794 47 56 10
18808 50 62 8
18860 51 55 8
18861 50 46 10
18871 47 61 16
18874 50 49 12
18926 52 63 10
18929 48 52 13
18947 48 48 11
18948 51 53 12
18996 50 45 10
19001 50 54 13
19004 51 51 12
19005 52 64 6
19006 46 73 17
19042 51 50 8
19068 50 48 10
19076 50 53 9
19091 50 49 5
19099 52 59 11
19105 51 53 11
19113 50 50 12
19132 48 48 14
19142 49 54 13
19151 49 55 12
19170 48 49 12
19194 52 63 12
19231 48 50 15
19253 52 57 12
19266 52 56 11
19311 48 63 16
19318 48 53 15
19325 50 48 12
19378 46 53 16
19380 52 56 9
19396 47 64 17
19398 49 51 13
19414 52 55 8
19443 52 54 9
19478 48 53 13
19493 49 52 13
19498 51 55 9
19499 49 48 11
19530 50 45 11
19606 50 54 14
19634 52 53 12
19645 49 48 12
19677 51 50 12
19729 52 54 10
19742 50 53 13
19749 51 45 10
19749 51 45 11
19781 52 55 12
19782 52 50 12
19830 49 50 13
19851 49 52 15
19853 53 57 10
19876 51 53 11
19906 48 66 9
19937 50 50 10
19969 52 47 12
19991 51 55 10
20022 49 50 15
20048 52 55 11
20060 46 66 19
20089 49 53 12
20097 49 51 12
20117 53 54 8
20161 53 56 12
20170 53 51 9
20187 51 53 13
20228 52 53 9
20314 52 54 11
20359 50 61 11
20384 51 52 10
20482 50 55 11
20513 49 65 10
20555 50 62 12
20593 50 48 12
20600 50 52 14
20719 52 48 10
20769 53 53 9
20787 48 66 12
20787 50 51 14
20790 48 62 13
20808 50 55 12
20822 50 52 12
20901 50 50 15
21004 48 65 12
21006 54 52 8
21143 51 48 13
21211 49 65 12
21240 49 66 14
21393 51 55 11
21439 54 52 11
21592 52 48 11
21661 53 64 12
21700 51 65 12
21764 54 53 9
21765 52 45 14
21784 51 66 12
21796 51 50 12
21817 53 48 11
21858 53 45 11
21865 52 51 11
21947 53 55 13
22024 55 56 12
22052 56 59 7
22054 52 46 14
22086 52 57 15
22135 54 64 12
22148 55 61 8
22253 58 66 10
22253 58 66 12
22267 52 53 13
22351 52 51 12
22391 55 52 10
22391 54 52 11
22394 47 57 17
22402 55 49 12
22429 53 45 14
22573 55 50 9
22586 52 64 16
22645 53 46 12
22669 55 48 12
22681 55 45 8
22736 56 50 11
22742 53 48 12
22756 44 58 17
22761 56 62 13
22946 56 46 11
22979 54 56 12
23021 52 53 15
23091 54 55 12
23104 55 49 13
23120 52 57 13
23130 57 59 8
23145 53 49 14
23152 54 48 13
23204 54 46 14
23206 56 51 10
23213 54 52 12
23227 57 57 12
23264 52 64 18
23264 55 46 11
23282 54 48 14
23318 57 50 11
23341 56 48 9
23458 54 49 14
23527 57 49 12
23577 57 61 13
23614 58 65 4
23657 55 54 12
23666 55 48 13
23734 57 45 11
23738 58 59 12
23755 57 48 9
23760 55 48 12
23770 55 46 12
23826 54 64 11
23859 57 48 12
23989 56 46 14
24010 56 54 13
24053 57 48 10
24060 58 49 9
24087 55 60 12
24107 55 57 16
24143 56 45 14
24146 55 61 12
24214 60 60 11
24214 56 60 15
24219 55 58 16
24278 56 46 12
24326 60 59 11
24345 56 48 14
24348 56 45 12
24379 57 54 14
24382 56 50 11
24384 56 61 16
24402 57 55 12
24405 68 58 0
24405 62 58 6
24405 65 58 3
24405 52 58 16
24405 54 58 14
24405 59 58 9
24405 51 58 17
24405 64 58 4
24405 61 58 7
24405 50 58 18
24405 58 58 10
24405 66 58 2
24405 63 58 5
24405 55 58 13
24405 67 58 1
24405 53 58 15
24415 60 59 8
24415 60 59 12
24451 57 57 13
24476 58 48 10
24590 58 45 13
24608 58 50 12
24616 56 48 14
24624 59 49 8
24678 60 56 12
24728 61 61 11
24749 60 55 12
24756 60 53 9
24765 56 64 12
24773 61 60 11
24795 61 58 11
24810 61 59 11
24810 58 53 13
24811 55 65 13
24818 58 55 10
24822 61 59 11
24850 60 52 9
24850 57 45 12
24859 57 48 11
24861 54 74 18
24874 58 57 13
24917 61 57 3
24928 61 61 12
24937 60 46 8
24948 59 57 10
24979 59 45 10
25000 57 50 11
25000 57 48 13
25005 61 57 12
25018 60 62 11
25035 60 45 11
25053 58 54 12
25055 58 56 11
25067 62 61 11
25087 59 60 13
25161 62 60 11
25165 57 50 14
25223 60 73 11
25223 57 49 11
25242 61 55 11
25244 62 59 11
25277 58 57 14
25277 60 57 12
25289 59 65 11
25293 52 68 19
25308 58 52 12
25308 61 53 7
25327 58 64 14
25332 58 46 12
25346 60 65 11
25362 58 54 11
25370 59 65 13
25404 61 55 9
25408 62 58 12
25410 62 67 12
25426 61 69 11
25432 61 64 10
25437 60 68 12
25447 59 46 11
25453 58 53 15
25453 61 50 9
25471 60 64 13
25471 56 64 17
25476 62 56 8
25497 63 67 10
25503 60 63 13
25504 61 68 12
25508 61 65 12
25513 63 61 10
25513 63 61 11
25516 59 54 11
25522 61 45 10
25522 61 45 11
25555 58 50 11
25559 63 59 7
25563 61 69 12
25572 62 61 10
25573 61 72 12
25583 61 60 13
25599 58 48 12
25603 58 65 14
25603 60 65 12
25612 62 68 12
25620 62 63 10
25638 62 64 11
25641 62 62 12
25652 61 50 10
25652 61 50 11
25657 63 60 12
25661 61 47 12
25673 61 59 13
25676 62 66 11
25680 61 65 13
25688 61 69 13
25705 62 57 12
25718 61 64 12
25726 62 71 12
25733 60 50 13
25733 58 50 15
25744 61 66 14
25754 58 45 12
25764 62 54 9
25767 63 66 10
25767 64 61 10
25774 64 67 7
25782 62 53 11
25782 58 53 15
25806 58 49 12
25806 63 69 12
25807 61 57 12
25809 59 45 14
25810 63 59 12
25812 61 68 14
25832 63 71 0
25833 63 64 8
25833 60 55 13
25848 63 65 10
25848 64 65 9
25859 62 55 8
25866 61 52 10
25868 62 65 13
25869 61 56 12
25886 62 67 15
25889 63 63 10
25889 63 63 11
25893 61 45 10
25895 62 66 14
25895 63 70 12
25898 61 79 13
25905 61 55 13
25905 62 52 9
25906 62 64 12
25911 62 51 6
25911 62 51 8
25912 62 54 8
25977 62 63 13
25990 62 50 8
25991 63 58 11
25991 63 58 12
26015 63 62 12
26026 63 56 8
26035 59 45 12
26054 59 52 11
26059 61 50 12
26067 62 55 12
26068 59 48 13
26071 58 54 14
26085 62 68 11
26110 60 53 11
26112 60 54 10
26120 59 49 12
26133 67 66 9
26150 59 57 12
26154 62 50 12
26163 63 56 9
26179 59 60 16
26185 59 48 12
26187 60 59 11
26190 60 62 13
26247 60 56 13
26260 62 53 10
26267 59 49 11
26276 59 50 11
26290 60 45 11
26311 63 55 10
26317 62 46 12
26326 58 55 16
26332 64 60 7
26342 59 51 12
26353 63 56 12
26353 61 56 14
26369 59 52 15
26372 62 50 12
26383 63 58 12
26389 59 56 15
26392 59 53 15
26397 60 48 13
26404 60 54 14
26416 59 59 12
26418 63 52 9
26432 61 70 13
26449 62 57 12
26457 59 54 16
26476 59 50 15
26489 62 60 14
26499 60 45 14
26520 64 59 12
26527 61 54 14
26530 60 51 15
26530 60 51 10
26530 60 51 14
26565 60 48 12
26566 63 46 9
26569 60 57 15
26569 64 57 11
26574 62 56 12
26614 63 47 12
26627 63 53 12
26630 64 60 12
26660 63 59 13
26662 63 52 9
26662 62 52 10
26665 64 56 8
26690 63 46 12
26707 65 59 7
26720 60 59 14
26736 62 45 12
26752 61 62 10
26752 61 62 14
26765 64 56 10
26774 64 54 11
26774 60 58 12
26781 61 45 14
26783 60 62 15
26783 60 62 14
26788 65 60 7
26796 61 51 14
26804 63 55 11
26835 62 62 9
26837 61 47 12
26857 61 48 11
26872 57 56 14
26887 62 54 11
26892 61 53 11
26904 60 61 12
26934 65 59 11
26942 62 56 10
26944 63 53 10
26944 63 45 12
26966 64 51 9
26980 65 61 12
26980 64 53 10
26986 66 66 4
26987 64 52 6
26992 61 58 10
26993 60 61 12
26999 64 52 6
27057 64 50 11
27074 61 58 16
27086 64 46 12
27089 61 59 16
27092 61 57 16
27097 62 51 14
27123 64 63 14
27126 64 49 8
27145 63 62 9
27145 59 65 16
27152 64 57 9
27153 65 55 10
27166 61 61 11
27181 66 60 7
27193 62 53 13
27214 64 45 12
27225 64 53 10
27227 62 62 13
27233 61 59 12
27235 61 60 12
27240 61 53 15
27249 62 52 14
27268 61 61 17
27280 61 57 12
27282 61 54 11
27293 65 58 8
27293 66 58 7
27310 61 62 11
27320 66 61 7
27332 62 62 16
27332 62 62 12
27336 62 55 15
27345 62 46 12
27363 61 56 12
27370 66 58 7
27382 62 60 16
27428 65 46 9
27431 61 58 16
27443 64 62 10
27445 63 61 10
27455 62 58 16
27462 61 64 10
27462 62 60 11
27480 66 60 12
27484 62 58 16
27496 66 74 11
27496 66 74 7
27496 64 46 10
27509 62 57 16
27514 63 54 8
27514 63 54 12
27514 63 54 13
27514 63 54 18
27514 63 54 20
27514 63 54 0
27514 63 54 2
27514 63 54 6
27531 65 53 9
27534 62 48 13
27534 63 48 12
27535 62 51 12
27536 65 56 11
27553 66 63 6
27555 63 62 10
27561 62 63 12
27579 62 73 11
27582 65 57 9
27582 65 57 12
27583 62 61 16
27587 63 55 14
27629 66 64 19
27635 64 54 13
27638 62 55 14
27638 63 62 10
27654 63 47 12
27654 63 47 14
27655 62 74 12
27664 60 65 11
27676 64 53 13
27683 60 64 13
27733 63 54 13
27744 62 62 13
27749 61 66 10
27767 62 56 12
27769 62 53 13
27769 65 53 10
27773 63 49 13
27785 57 66 16
27788 67 59 8
27788 62 57 12
27794 63 61 11
27794 61 63 13
27809 67 61 18
27831 66 65 5
27831 66 65 7
27836 65 45 12
27841 60 59 15
27873 62 58 13
27897 63 61 16
27921 65 66 7
27935 61 67 11
27935 63 55 12
27945 63 58 12
27960 67 57 8
27971 63 63 12
27983 64 60 15
27989 64 55 14
27994 62 62 12
27989 63 57 15
28021 62 64 12
28024 64 48 12
28034 60 66 12
28034 62 63 11
28038 56 61 19
28038 64 61 11
28038 63 62 11
28038 62 65 9
28043 66 50 0
28051 62 46 13
28088 66 45 9
28088 60 46 17
28088 65 46 12
28095 62 68 12
28099 54 65 20
28102 63 63 12
28119 74 66 0
28134 66 47 11
28135 67 58 12
28168 64 60 12
28176 63 62 12
28179 66 46 10
28183 65 48 12
28187 66 54 11
28187 66 54 8
28191 64 59 12
28194 64 61 12
28194 62 63 12
28209 67 57 12
28224 61 65 11
28230 61 66 12
28280 64 52 12
28287 74 61 1
28292 63 66 12
28296 64 62 11
28296 63 62 12
28305 63 65 10
28315 67 56 8
28316 63 64 11
28334 64 74 12
28334 63 63 12
28345 64 59 11
28363 64 58 11
28420 64 54 11
28434 67 55 8
28482 64 46 12
28522 62 66 12
28544 66 51 9
28547 74 65 1
28567 67 53 9
28597 73 66 2
28597 73 66 3
28597 73 66 13
28611 63 65 13
28614 66 55 10
28625 64 45 12
28630 67 52 11
28671 67 45 11
28677 63 52 12
28687 61 65 14
28727 67 46 9
28750 66 50 13
28761 65 55 14
28763 63 66 8
28765 67 53 12
28775 65 77 10
28778 64 53 11
28791 67 51 12
28791 65 59 11
28797 64 57 12
28863 67 47 10
28866 64 64 14
28909 65 62 14
28915 66 48 11
28942 67 45 12
28951 67 63 19
28962 67 62 12
28973 62 69 11
29002 65 45 11
29004 66 56 10
29032 68 61 12
29039 65 53 14
29130 64 48 12
29164 68 59 12
29189 68 55 10
29196 68 58 12
29199 65 51 12
29251 64 51 1
29266 68 68 11
29273 66 46 13
29331 68 63 12
29416 68 64 12
29423 68 47 10
29444 69 61 11
29496 68 62 5
29570 68 65 13
29614 66 53 14
29617 68 45 9
29636 67 56 7
29640 69 61 12
29688 68 47 12
29696 68 70 12
29742 69 63 12
29785 68 46 9
29812 68 45 12
29855 74 56 6
29880 69 62 11
29905 69 59 12
29925 67 56 12
30004 67 55 12
30021 69 61 10
30022 69 60 12
30033 66 54 14
30040 66 59 15
30045 70 64 10
30078 74 57 11
30110 69 56 10
30143 66 52 1
30143 66 52 11
30148 70 63 11
30183 66 58 15
30209 69 47 11
30257 69 50 10
30283 68 57 13
30293 69 55 12
30302 66 46 12
30316 70 62 10
30331 73 61 9
30331 70 61 12
30347 70 64 11
30393 66 61 16
30402 67 47 14
30441 68 65 13
30509 70 58 15
30569 70 61 12
30588 69 52 10
30592 73 58 5
30599 69 47 12
30630 70 62 8
30642 67 45 11
30656 74 58 6
30667 68 56 17
30688 67 54 12
30745 70 55 9
30747 67 52 13
30768 70 70 12
30778 66 62 16
30796 70 57 8
30869 67 59 5
30881 68 55 12
30898 63 61 15
30904 67 57 15
30909 70 53 11
30914 74 55 8
30937 70 54 8
31024 71 59 11
31060 69 77 13
31089 67 60 12
31113 71 59 8
31133 73 56 7
31136 70 47 10
31152 69 62 13
31152 68 62 14
31186 70 52 12
31189 71 61 2
31192 69 58 10
31192 69 58 9
31204 67 59 16
31272 71 58 8
31318 69 57 10
31319 68 54 12
31347 71 59 8
31360 67 66 19
31371 71 76 11
31411 71 57 10
31517 70 66 9
31527 71 57 12
31534 67 63 13
31632 68 51 14
31664 69 48 12
31679 70 49 9
31689 68 52 12
31697 73 55 10
31801 68 62 11
31897 69 60 12
31926 67 63 12
31944 72 61 8
31952 72 60 8
31997 69 59 11
32025 68 57 12
32119 69 54 12
32203 69 47 14
32219 71 53 9
32228 69 62 11
32228 71 62 9
32261 72 58 12
32381 69 61 15
32423 67 66 12
32464 69 59 15
32491 69 64 12
32591 68 63 9
32665 70 62 15
32816 73 60 8
32916 68 66 12
33134 69 66 13
33163 71 63 12
33211 68 67 14
33445 72 52 13
33474 72 67 12
33625 72 51 9
33665 69 57 11
34082 69 75 11
34088 71 55 13
34272 70 51 14
34633 72 45 12
35303 73 56 11
35551 70 45 14
36550 70 58 15
